u-g
0.0
0.7748383978586393 1.0078450243084234 1.1374076456742923 1.195756585504638 1.2938117605678716 1.3700009478772017 1.5128810196053575 1.573129343728457 1.641091322567359 1.7650281339194667 1.8194147053864445 1.9444068304127562 2.0208578967212727 2.1202644652300133 2.2143410957113367 2.239136334810757 2.4050590350866967 2.492569425328039 2.4331228580622817 2.6488024331526834 2.5418346243535783 2.834958593638265 2.876679498758305 2.9736723659766255 3.103146612304231 3.0812632099422963 2.9676253378044173 2.997078659858715 3.2064316483152204 3.5273963424018326
0.1
0.7875785571005842 1.012191848759148 1.1370969346992155 1.211159173860386 1.292619959812498 1.366467784416395 1.5004862499938643 1.5464616632564905 1.6340244002992144 1.7579299077478279 1.812946909088824 1.9482098477802605 1.9930005286316437 2.1043271201043403 2.1892630855987463 2.1961000695690887 2.398467052048338 2.467987828559637 2.4654661259534114 2.64696014951494 2.5747161098807148 2.8821223119981223 2.825157742100795 2.9027725859172344 3.1497828585518803 3.0638150385544396 2.97879216384926 2.916062072124051 3.1847814027351102 3.536204451283614
0.2
0.828040579786764 1.0546707833687066 1.170261621063407 1.2435545078777839 1.3026690111075432 1.3849876370391279 1.5007513003485755 1.552434195676474 1.6129262408125822 1.7511032547376306 1.8290021172387174 1.941335403480931 1.9933735912599406 2.0919176266054302 2.1562401765391463 2.1908045630531845 2.352894876498203 2.4675253520511298 2.4288001601168565 2.6207544657921016 2.594861261520238 2.8325802875938138 2.797179523568639 2.8170431600305115 3.0436094287599698 3.0172752869957638 2.9727938147580524 2.8642790116440295 3.241738304055681 3.463447520388536
0.3
0.8946042890762467 1.1214105747673386 1.210934947653655 1.2817807127069631 1.3278711289584297 1.4081282031846474 1.5133718470903936 1.5603337592834947 1.599643210939874 1.7519976859899593 1.8356881553263698 1.9190188176800689 1.9646637685790402 2.033673914222149 2.1123450130266415 2.1718668003626735 2.308800012836297 2.442201620925573 2.405889839469981 2.589216964263814 2.5786729476279353 2.7560255289604036 2.768704895070332 2.8148714014620726 3.0491048372386365 2.995167467629087 3.052497391440491 2.8893900713644647 3.3139672468251553 3.3192515446383886
0.4
0.9333841303844217 1.17958313037059 1.2637141681738022 1.317453222461456 1.353959322107933 1.4255143578729719 1.5217233530745435 1.564225666438059 1.6239949357680068 1.7356218789572662 1.820801947934692 1.9071400780463854 1.9476611776514936 2.0305262964916935 2.092181927120852 2.169179045176117 2.2982522555974567 2.4156442849282724 2.3694297766040044 2.606811616890777 2.5657155802063407 2.7838425428368225 2.7318320685209674 2.7445923851931564 2.9574228736281 2.936397613895026 2.997273939983274 2.99311436624495 3.3104870789282197 3.2550042516745257
0.5
0.9544138191228768 1.2181882261717778 1.2941884210767345 1.338312153756414 1.3644633051533201 1.4330414125490822 1.515269503052874 1.5583766975463007 1.6215689478371598 1.723316863629547 1.8073430998600575 1.8853264356482313 1.9122151163518453 2.010525099900452 2.072413268489548 2.1540470271790015 2.272304077640719 2.3585973498092763 2.3519200560905453 2.5363058924156165 2.543604699845152 2.7127295465208885 2.7250931974644184 2.71166282078997 2.8838980624006014 2.9401628834840814 2.923083323645657 2.9912330648160195 3.304670840642994 3.1767293865975024
0.6000000000000001
0.9577675986391814 1.2376630326666493 1.2814969662207396 1.3212373797869503 1.343659528809722 1.4065064481294947 1.4916809485670335 1.5345205012270782 1.5985564340609173 1.6917952904698677 1.7614292753669982 1.8495001375019076 1.8606562239976174 1.9689530853633066 2.020239048248758 2.134871065381427 2.251780165098051 2.2946053557241237 2.277982484236203 2.4884840584591856 2.5109458629102344 2.638601111944479 2.6783376069524287 2.6623632707561953 2.797837910904404 2.90230179576751 2.8361337460025107 3.009180405686841 3.309906104724712 3.115019311481759
0.7000000000000001
0.9606294461200413 1.2438161083660493 1.2699476241096672 1.3101492273429454 1.323552937468337 1.3853297945549627 1.4607439275774716 1.5026371462090147 1.5686725381138498 1.6500169669082307 1.7150363732528398 1.7985910322161285 1.8279210323350874 1.9237547537912985 1.9896308154888658 2.1056684129601706 2.200845638460857 2.2487455914879533 2.251515418678233 2.476708205340871 2.4731699055251344 2.5779390494329837 2.664293677465011 2.5937477433103213 2.7007026431210424 2.8282592202125514 2.748270020751084 2.992841002903078 3.2058153768768936 3.012281189702888
0.8
0.9701431851053677 1.2286980330978494 1.2589144139779194 1.2891394933054414 1.313536239604181 1.3649896210171057 1.4186919531444584 1.4780087257251218 1.5317660301170246 1.605385053256935 1.680967883016777 1.7529463021061176 1.8063769844246966 1.9055887443921478 1.940720821471393 2.0488263777533238 2.1600097338598294 2.200694139048622 2.2255666815409283 2.425646979471181 2.4211057795773394 2.5403298785933295 2.644748589150753 2.561016296926468 2.6331386064240148 2.7769319530259535 2.6810111276793496 2.9856386895710028 3.0132652062604635 3.0002398423227046
0.9
0.9669006342793072 1.2222027576936494 1.2477651867687634 1.2660216338086006 1.30030547049898 1.3387977024520943 1.3885139967698024 1.4455869303709203 1.492848734026797 1.5723605098603315 1.6340711236914363 1.7160737944867321 1.7636923319471567 1.866642720220371 1.9226970143270137 2.017333653377859 2.115114617875684 2.1480418192253516 2.2055870999888256 2.3701252984757533 2.3612271080560934 2.530506737764793 2.5920677723367493 2.5236186083456325 2.580260416907743 2.7195636613896603 2.667585380863943 2.863734049421553 2.9769762547845584 2.8724145822377327
1.0
0.9908691010268065 1.2145502345005639 1.2359913608281126 1.2638588822661436 1.2782752995711864 1.3249091551715626 1.3812863950685745 1.4037939498913925 1.4572369002305692 1.5397774753032891 1.608656609631172 1.6729896015496593 1.734875035851033 1.8338552278419087 1.8879719506380788 2.0100392739631783 2.0690147749982133 2.1173292235867924 2.1583393438741787 2.33891533276943 2.334333195344528 2.4680259960928446 2.4859590611466524 2.467388554200549 2.5530662067980705 2.7018971982056357 2.639081924097841 2.741642106982879 2.798212432148101 2.979891635780774
g-r
0.0
0.7169453263962229 0.7411171573777366 0.7784365713679193 0.8174096696085513 0.8920374958159965 0.9552493344825503 1.0128148284991756 1.0706040423345602 1.134314144325769 1.2062327904158963 1.2773038212336907 1.3359733780919143 1.4091467311121093 1.4596465046513458 1.509830470750373 1.5863853516464914 1.657120069055967 1.6834944418235889 1.765497086346798 1.8293856861155504 1.887389590767862 1.8978355568100342 2.0192629853341977 1.9885383548736755 2.067852934566867 2.134194603767657 2.167533949301977 2.215637118191779 2.242563520428778 2.2594835834556832
0.1
0.7159570648391522 0.7682568024486951 0.797151444258839 0.8311894545000165 0.8998726075983914 0.9589244235581731 1.0144907317453278 1.077606895070387 1.127321424707942 1.2008462505171806 1.27022038130875 1.329923724403418 1.4060365431455466 1.4595276664589196 1.5150164942226514 1.589417191956306 1.6471430139882948 1.6952026813333436 1.7413492477672037 1.827823176074709 1.8763197499276263 1.8969110122214197 2.0234247226064976 1.991024356455453 2.046968828543405 2.144661967957844 2.158870879219511 2.2385737355894637 2.2280632454840026 2.27124759530939
0.2
0.7120802855454667 0.8346908039194361 0.8551294311055315 0.8691361691513197 0.9300431121549391 0.9723737400577068 1.021863350006317 1.0844621981274472 1.126610541463716 1.1939846794496471 1.2540741218313105 1.3154783675124708 1.3930634702894835 1.4380578919510807 1.5106084722858046 1.5785895122335791 1.6325279646800333 1.6870344606872667 1.7304995741515103 1.8199598409107782 1.851046044011989 1.8775257996300088 2.006394742165834 1.9845616549187763 2.0434410936564227 2.098536303862109 2.1534881229014244 2.255390890036203 2.227596506835968 2.253918190420329
0.30000000000000004
0.694617635570566 0.9197910029894576 0.9350803631294422 0.9468051484428113 0.9835428633623682 1.0087644432001248 1.054102709011092 1.1017060889014676 1.1446366931875325 1.1969928838171828 1.2532710571776349 1.31486848848321 1.3930911929611849 1.4318282069573804 1.5062622292570893 1.5603473363462204 1.6288045680743402 1.6787080693261487 1.7216649755758429 1.8043832328333025 1.8446502905881559 1.8715676814112143 1.9851527272583551 1.974046457687603 2.035265814789586 2.058088815160696 2.13670819243955 2.253397936572177 2.237868329874707 2.259861862929572
0.4
0.6675989305909749 0.9760435552500208 1.014964157923453 1.0269145831982467 1.0549254267842159 1.0716767200923396 1.1074111633631105 1.146023267346287 1.1813719524952102 1.2254454608329137 1.2804562835514819 1.338933626229199 1.4179985960157762 1.4407008342908227 1.522757149182258 1.574578868755145 1.6329726547292438 1.692371315029412 1.7370757575980331 1.8038913939495682 1.8416499281689251 1.8810833671053437 1.9921735233279483 1.9878369873168964 2.0531062299395515 2.071315417149826 2.1294887981826474 2.2551259274398507 2.2418859379857263 2.2810659750545206
0.5
0.6314764988866859 0.9958221521816952 1.0554052378355028 1.0790328814071586 1.110967672108817 1.1292424119200106 1.1586209824939502 1.1980948568917729 1.2200975448642897 1.262744519825599 1.31150317980266 1.3761169494820464 1.447214923516281 1.4658908836676385 1.5432374543847622 1.5923668198311667 1.6541264491760135 1.7149452261338283 1.7647600084570616 1.83412719959526 1.8562587504787338 1.9099174771138294 1.9984992823126255 2.0283004206962643 2.090012553566374 2.094565105457221 2.14979175316794 2.2571366604343703 2.281951996545507 2.3122959861429786
0.6000000000000001
0.6008855946516984 0.9826594352662568 1.0557586701866981 1.082395929020441 1.115901263034342 1.133400898964199 1.1629397581735574 1.1988148713318267 1.2181841396877875 1.2560971634454692 1.3054759384715595 1.3709228336491392 1.440336948271673 1.4561477407434218 1.5306907743701252 1.578367798437018 1.6418900925121882 1.6986738143158195 1.7539595129049363 1.817123792843347 1.8449321752016328 1.89440167720117 1.985710282506158 2.0173775141192962 2.069455370862679 2.0826924204750004 2.1559746065457563 2.2406140812410165 2.278333031045917 2.2887392741439223
0.7000000000000001
0.5794099967718065 0.9724659138213969 1.0491822967851903 1.0850695490643112 1.1134081064000743 1.1354326200748623 1.1633446208492586 1.1974628674990377 1.219091308924547 1.250364487499457 1.2985762525668036 1.3686539002625633 1.4243637049876252 1.446973769087192 1.5177020547921778 1.5639473983148413 1.619971828691824 1.681465070486725 1.740085687286717 1.801767966146075 1.8310415134983131 1.8803629491591245 1.9621686543974608 2.003548173863689 2.051029954640157 2.077466464200513 2.148747093254241 2.2132070143253006 2.2733740599022347 2.2854416903987236
0.8
0.5577342669420329 0.9692528488081962 1.044170779224828 1.0804196054686859 1.1164375153346189 1.1357666592516686 1.168547226485149 1.1915352292573438 1.2184235781302402 1.2490053208606469 1.2925709266327505 1.3619888675070744 1.4117279236918048 1.4295266609410024 1.5099664170367433 1.5531247033129603 1.6016288038296977 1.6662037347524539 1.7299227222679505 1.7839796255038962 1.8105683685589007 1.8665984788044003 1.9299677416868448 1.9874373802937466 2.0409659423652755 2.0680806152357523 2.140277414066384 2.192633609679209 2.2622005392139624 2.249496423864745
0.9
0.5482385380070056 0.9592080496409228 1.0362232360926633 1.0814997998386406 1.117276004719546 1.1398249060282097 1.1697469251842385 1.1932409491963565 1.2162759315124934 1.239761331557549 1.2865314068692282 1.3509619876975076 1.4017428251944342 1.4153935027213773 1.4963830993541976 1.5347939803757988 1.5866455976465836 1.6476902152614024 1.7090104064163594 1.766997233752555 1.8025025166764959 1.8461125315444225 1.9085764327629633 1.9720581235284076 2.011560517687835 2.0467622175341686 2.114320362670849 2.1813671894993583 2.239697021303395 2.2389892856825826
1.0
0.5342906891921011 0.9443823428781251 1.0278864259833842 1.0847672621005824 1.1244524440952777 1.1386514202548152 1.1692916724030944 1.198021921574835 1.216925334334178 1.2394738945013728 1.2816142913126018 1.3439865850726171 1.3977861808419707 1.4073783588032303 1.4844032617462855 1.5271629195429153 1.5713083067118383 1.643272905369594 1.7001034113637274 1.748470365525403 1.789312514265788 1.8485308740546262 1.909110648922315 1.9579139152592795 2.0013676721860323 2.0390348960644618 2.094216790257562 2.1940394761320947 2.2318223512665494 2.2001973562814836
r-i
0.0
0.21852177216540802 0.28871912572163794 0.326665427123908 0.36462320392505987 0.39534068827168944 0.4053808734729891 0.41888665831990046 0.4445742563499717 0.461962657343598 0.4895566470918453 0.5159102237994571 0.5506394113842745 0.5802454586577763 0.6172378301327903 0.6585369499969662 0.685269487232139 0.7209652787359655 0.7732015836325132 0.8068548956765547 0.8374783211306696 0.8641990749123902 0.9007235202661832 0.9026518491946174 0.9908384748769858 1.0097539934303938 1.0152252763656922 1.0824085842282987 1.1125513659867483 1.1726975303611713 1.1493033172716647
0.1
0.20412327301664313 0.2906382837623962 0.3360575258957432 0.3591241764855386 0.398170978525739 0.405066223739718 0.42393195599747635 0.43819402349667946 0.4653550858961939 0.48753003776255355 0.5154164724854535 0.5550744367609397 0.5785498804661628 0.6112843042228988 0.6552615202008276 0.6796078816724744 0.7185664553321871 0.7597508695324304 0.8108695710587064 0.8348771731193132 0.8612374207146498 0.9047510068337274 0.8911561578585108 0.9955728000837567 1.0157458378583044 1.0176326904653035 1.0738453080848949 1.1090541520833828 1.1596758885715346 1.1573760657337466
0.2
0.1666517962083951 0.3087780378752747 0.34545783148555387 0.37202356502428735 0.40118225321751844 0.4104337034818677 0.4377739617581522 0.44082302849453114 0.4699145191370899 0.4912595562464901 0.518365848823219 0.5589849657761938 0.5819567236076271 0.6122253351777065 0.64929031425015 0.6709915582212673 0.7207962500033833 0.755668887274334 0.7950571563930602 0.833423171408807 0.8584525838866046 0.9096111408433849 0.8916893141573041 0.9874779510274845 1.012584637602501 1.0216977801390623 1.0754375519164618 1.0908791553263697 1.1500817045415932 1.155230967795955
0.30000000000000004
0.11777277263669284 0.3281855229674697 0.37072111752454795 0.39322195818824923 0.419916163218204 0.43141355288687855 0.45357854979379475 0.4591110199487449 0.48130502500151806 0.5062482962172812 0.5320309194115467 0.5727089842943034 0.5887984907976289 0.6208017699335535 0.6536812359389668 0.682346035626054 0.7218315754303841 0.7596428305557534 0.7909198225901619 0.844881049888583 0.8636978700054598 0.9144264815879701 0.9038537722295548 0.982674540278115 1.027033595604637 1.0444508700183608 1.076324539820373 1.0886627071650388 1.159145052596525 1.1638752993283088
0.4
0.06112365346102244 0.3207801304300819 0.4015036529366913 0.43910039492517505 0.4641343727702818 0.4840992834709006 0.5074703610077407 0.5107611589199141 0.5319465705465287 0.5596618795734365 0.5748108935627982 0.611584907806737 0.625873560414659 0.6597939009497402 0.6847527313838189 0.710176739169107 0.7493439356975067 0.7932436403433876 0.8145045070258927 0.8728285686540076 0.8987834616587378 0.9469815341350838 0.9417328363943227 1.010434596346375 1.0578262197444754 1.0799950185120277 1.108967959057539 1.1293771356604978 1.185358182535186 1.1958731519645962
0.5
0.01463557364315804 0.291775986689748 0.40320890644931495 0.4688451003734606 0.5041444561174409 0.5391265201507647 0.5713204033873964 0.5823878756047733 0.613961523680592 0.6334707040158136 0.6555188267440659 0.681422355903532 0.7053989489597523 0.7323878553551637 0.7590617829582236 0.7848883436004019 0.8139617502954444 0.8620303068109809 0.8800199495075489 0.9356801113502993 0.9750440497479609 1.0169002726067315 1.0253434057472646 1.0840021536651179 1.1265049291918032 1.158563581014139 1.1913908828757176 1.210758072860802 1.2510979034422771 1.2759453164092616
0.6000000000000001
-0.020897557624474317 0.28617848392932643 0.40042840745373454 0.4772731259684466 0.523545811808841 0.557365051946956 0.5907675635459313 0.6072173026229564 0.63893068746167 0.6626529317070542 0.6840497358220503 0.7105360693370564 0.7300186353225158 0.7602301441453321 0.7886770811644404 0.812309927103918 0.8389624717607322 0.8941575735531213 0.9047325025248192 0.9622557830138838 1.0045382961060039 1.053100959084249 1.0480248486350998 1.1136582247951985 1.1661845675068054 1.191031707242356 1.2185445002453736 1.2350923176224917 1.2740728301382038 1.296423184980803
0.7000000000000001
-0.05822769568808894 0.27555670673489274 0.4026893767919919 0.4848567767616654 0.5433495771760146 0.5733948792883243 0.611875524109438 0.6291984148609604 0.658220066444736 0.6876325988619225 0.7098060863901416 0.734748292123415 0.7611653533410347 0.7842429368672494 0.8179954100754063 0.8387933201600877 0.8672901133790862 0.9204071791512547 0.9283972584553144 0.9849813463251369 1.0230633847644572 1.0759884566412268 1.074259010438663 1.136738458652422 1.1818509627087845 1.215761677907011 1.2368930600426165 1.2672052768643507 1.2993516245722372 1.3078061795715783
0.8
-0.09567455049763396 0.25928055183991283 0.4031086965151296 0.495073045875996 0.5551776323915814 0.5901940673125701 0.626318329972511 0.6512680728261042 0.6784283180666861 0.7104906298030365 0.7307203482833273 0.756148302510395 0.7868027208516555 0.8109887856715066 0.8416908687852676 0.8613309457493443 0.8924662018692011 0.9366280553675725 0.9431288003342342 1.0038720394177911 1.0405803613258051 1.0930246848714145 1.0955283636895867 1.153379603403362 1.1980571742617059 1.2328493766598303 1.25058503685349 1.2888457167920873 1.3119913325928625 1.331162880345932
0.9
-0.13558745350236556 0.23957409228334114 0.4005765632092668 0.5040078378868831 0.5622151620389921 0.6022594043433216 0.6390099744071165 0.6653372626957612 0.6964391008833388 0.7308310171037675 0.7511272751450235 0.7780049013302701 0.8072007804980679 0.8349551097378765 0.8583284428520255 0.882087131535199 0.9141019724890604 0.9532104458674748 0.9684710798256013 1.0186960402694485 1.053474019920845 1.1098668733055401 1.116041444561965 1.1689848940001308 1.222146515320576 1.2537203934416432 1.2652891557900183 1.3012757615350328 1.3269952565139693 1.343681243271229
1.0
-0.16900326786087483 0.22162136358104867 0.396907039707866 0.5002567502928219 0.5700120971691689 0.6140297618742885 0.6550905713326731 0.6823903378241987 0.7159664182201624 0.7538631259850757 0.7774579076526358 0.798924002384032 0.8306445713053687 0.8613757041016044 0.8913053505589925 0.9030697969863422 0.9412937247421791 0.975808177965547 0.9968926550892512 1.049234825881456 1.0791625037668293 1.1245245407991238 1.1381602055896671 1.1925809405440972 1.2514254824991635 1.2763029375065589 1.2865738481282882 1.3264628873401403 1.3472801469137732 1.3818575617464663
i-z
0.0
-0.17307238944389347 -0.024699322880376684 0.05351405615045479 0.11637814049671569 0.12718049992969327 0.1579152776563948 0.17058000690890296 0.17380982225876274 0.19033229739703117 0.19641461071006816 0.21314511286746018 0.24029221154734692 0.24600456244986368 0.2813355022035342 0.3010631271163611 0.3429923298168376 0.339990260948273 0.3893553294772474 0.39691461775890424 0.4309994787335487 0.4718242566898372 0.4991333828893474 0.537096127053557 0.5356633056110969 0.5730607180011091 0.616783700280088 0.6241741113061856 0.6485333980701018 0.6578659088291641 0.6752314296913902
0.1
-0.17627309136361546 -0.04442527356191661 0.04641522407289678 0.12442549373854739 0.1280657107362515 0.1575642807234221 0.1694705544722943 0.1793082791622087 0.18882598347105883 0.20443220037877907 0.21647575087388482 0.23973570859581805 0.24683882634935905 0.28426886045885524 0.3045479723093294 0.3449977653154175 0.3414355823674402 0.3976626930470335 0.39788986901523593 0.4274991683342222 0.47261943688850216 0.49626662601358085 0.5374713252717669 0.5317506261092202 0.5753603576160398 0.6166821675242531 0.6257341591334082 0.6532789345744128 0.65965238753523 0.6660597888501059
0.2
-0.17103849222637812 -0.0633765023704882 0.04216607260806704 0.12558544721613352 0.13257698943458962 0.16196572080337113 0.16896298253036335 0.1871538055587756 0.19459903369999054 0.21127357201041974 0.22977740586359374 0.24303248829916235 0.24915903079363488 0.29205312243461634 0.3149490974612412 0.34703905896086695 0.3451662081281519 0.3998868626582439 0.4117289193086542 0.4333107706626258 0.4775580481297954 0.49786775133853034 0.5356227084697132 0.5480108391827283 0.5755105676043577 0.6275764163147866 0.6238718150731035 0.6558273641207233 0.6666129402184602 0.6770057014546751
0.30000000000000004
-0.18351504073656955 -0.05869576378605146 0.04004763444534021 0.12881921926040008 0.1423698547496386 0.16504911713420256 0.17784181918812436 0.20155202296174046 0.21378021351569387 0.22973396325549444 0.2501259309414241 0.26039988248220425 0.26400723326378284 0.3150647982842436 0.3313509467157143 0.36063903643497497 0.37078278550621135 0.4068177890235738 0.4357649925613405 0.4500312339724104 0.48925229965986716 0.5220344775368169 0.5504903102030809 0.5709276189692982 0.5904773429033447 0.6398152902644245 0.6457926062404908 0.6736179484917884 0.6806002044909114 0.6967406188241725
0.4
-0.21007526628808826 -0.0694179585453476 0.031103151630272663 0.12712333933667708 0.15810063430068944 0.1829354524835658 0.19964497410074777 0.23487899581913574 0.2480836400675166 0.26740199013413246 0.2880480899226807 0.30162227330437297 0.31055106950755373 0.35793927187728514 0.37050995367079054 0.40315879840179747 0.4227725317003195 0.4491439935745234 0.47693426936098327 0.491494432273317 0.5304973500627774 0.5621956762994422 0.5939644408846068 0.6186150669127404 0.640328813635243 0.6752565599390259 0.6834383034750982 0.7182608985549521 0.7277931442150916 0.7498164833906316
0.5
-0.21908326110709808 -0.07796762470360186 0.018989572940128596 0.11294960143416688 0.1693407975493546 0.20596133134381667 0.23719372819360096 0.2758563610353644 0.30006987042589905 0.3370401297417214 0.3575217972069673 0.38115821175016684 0.39433937853953616 0.4396981620286997 0.451666260805883 0.4820626024562191 0.5152118829175798 0.5361701990191552 0.5646538086080266 0.5839988620731766 0.6204614208180139 0.6539831034135979 0.6889737530869944 0.7151135801639494 0.7445334807747415 0.7781236540985574 0.7913414692770058 0.8268269144053786 0.8417340509348232 0.8653623805176505
0.6000000000000001
-0.22447352548879707 -0.062419309018237 0.041747042895918796 0.12863950592329054 0.18123315619766167 0.2279966448930626 0.2583776149433117 0.30236760944278274 0.33055361227567026 0.37207725196249974 0.3914223121226126 0.41765629522159564 0.4382411503069932 0.4730105774459492 0.493639607057645 0.5204765947062757 0.5550312246911613 0.5721968385191065 0.6055404855840596 0.6304057815076636 0.6612050143393908 0.6945295206716118 0.7443775083189337 0.764512841443981 0.7891904805564174 0.8251739571532148 0.8456601174325318 0.8797413120689175 0.8969103925350641 0.9199164231878747
0.7000000000000001
-0.22996568784113158 -0.045986853801743166 0.05811749921674547 0.14312526619851162 0.19472811092536801 0.247205126631032 0.2801056149024639 0.32807825245457956 0.35791990765391724 0.3996848884836979 0.4194375790571492 0.44315804177621665 0.47127437191575794 0.5005903506646376 0.5226463235632757 0.5491102517662529 0.5822269974339971 0.5984133445875752 0.632797064173733 0.6580618972417867 0.6859223553990716 0.7231404772592 0.7769943948158033 0.7941955561383978 0.8255321852081288 0.8596370408323768 0.880282750952663 0.9135589507897013 0.9302323021629864 0.9587208114694601
0.8
-0.22614449575828743 -0.02582655733176331 0.07075429072361139 0.1541380581293712 0.20584208618438105 0.26155993219459006 0.3008720612181932 0.3466283443192477 0.38314264555737054 0.42016862750925377 0.4422208187098491 0.47142774575081603 0.4921687630186238 0.5259160887547214 0.5476704700980175 0.5754229916962252 0.6068958993698139 0.6277454508805338 0.662809948995017 0.6858579792214385 0.7173696822002107 0.7522922627538371 0.8099953512805111 0.8309028045798925 0.8618377527911321 0.8886103979746309 0.915918001721943 0.9483301029326601 0.9705670397210984 0.9856516572242118
0.9
-0.221476432610606 -0.004494840397091693 0.08376708450661674 0.15880185138572678 0.21682353868223814 0.27108617827123815 0.31502204924251487 0.3676583532517057 0.4008645561753159 0.4392250533579798 0.46325446644821255 0.4910023288774319 0.511966172814942 0.5452990663472903 0.5681434233138027 0.5983011605670736 0.6224658727731622 0.6494669588950508 0.6839294964830795 0.7082958600150668 0.743877172013292 0.7783891318612106 0.8398735349669177 0.8555281041396139 0.8916125443022196 0.9196806471315746 0.9466934296234477 0.9856502416914044 1.0022367406237258 1.0189398171082384
1.0
-0.21905458134692246 0.016090111661979378 0.09280209618668067 0.1737749407688156 0.22511866590066099 0.28557795992687396 0.32155034074460254 0.37398522957214375 0.4110387084791238 0.4537535285984866 0.47662296277688476 0.5063610807528462 0.528494908399761 0.560343167757626 0.5771908071047829 0.6125179260404572 0.6354998066572559 0.6655286014848407 0.6963988644270032 0.7233856161307699 0.7651009557655204 0.8002794045315067 0.8524341505867135 0.8818805458649024 0.9159666526203871 0.9399506326174336 0.9733061012008886 1.0162791806301197 1.0266589907540737 1.0462234800155894
u-q
0.0
1.2240793252903082 1.4835384855190146 1.6379612643068402 1.728957505246715 1.8763971636322516 1.999181019306608 2.182848050687202 2.2880576036499782 2.401956041472598 2.5804204723289814 2.686937814674792 2.8611845222858765 2.9957277752896445 3.135675616456192 3.2762264661210754 3.3582755771598727 3.5874654910892287 3.6974505009505894 3.7148470926196477 3.9771840407160877 3.9232060601103775 4.228711374866172 4.367128363217434 4.450070698491652 4.651586977704161 4.679761698030614 4.615407296784643 4.677403957257079 4.924954226516483 5.260541264107533
0.1
1.2356604788890557 1.5070677980526916 1.6529267153520308 1.7527237174763233 1.8801651344966182 1.999338133738389 2.1721893261837018 2.2659382848126928 2.388190895725451 2.567351108099869 2.677049786696685 2.860208735562839 2.9647319098096183 3.119264360241484 3.2556433195546344 3.319050894617173 3.5692403979196436 3.6784634392049247 3.729848811908826 3.973713100238286 3.945326709784789 4.277204884807528 4.318114619144182 4.385071787155854 4.6811641454647495 4.674985820621493 4.614247359866 4.623382939996413 4.8842673923630295 5.28524900857748
0.2
1.2767585366971996 1.5943528926974508 1.7254417240133648 1.812189494588118 1.9103126677162976 2.026180304451053 2.1800209253311635 2.274760125348136 2.3689975051045113 2.556206608661306 2.682256757473434 2.844292875243429 2.9578587268326153 3.08971952193792 3.2183462443729436 3.303092004070013 3.5154488017035863 3.672424169431208 3.678089446013156 3.9430592759240106 3.9464432543630323 4.211562498676507 4.275242527019825 4.294832540355809 4.570410387895654 4.592281754931302 4.609093681657833 4.576336148380783 4.943399909939135 5.19210746195287
0.30000000000000004
1.334671155601109 1.7188846628751122 1.8222053032006489 1.9031536035168557 1.9742363714711022 2.072568835120965 2.214724069115711 2.295761662910028 2.369640257649653 2.560867485915221 2.689034798628258 2.8228924654029885 2.927155988066705 3.0279189070742447 3.1688691300275016 3.272356528484515 3.4679086636914658 3.6408730248196743 3.6470540078849334 3.8994264449201914 3.926011769079504 4.13056982619336 4.234000860261113 4.279534386468352 4.5685041418862005 4.538241729201256 4.665995716007798 4.600701933298637 5.023551821534406 5.056717273634703
0.4
1.356510229122513 1.8161477079156843 1.9336128537781896 1.9963508721318401 2.054833370536624 2.1379574849779033 2.26374838206128 2.334968333185884 2.424090112656497 2.569486392427182 2.696298616155172 2.830111790544512 2.9300170567481114 3.0333490865288226 3.160476815069738 3.281352506977889 3.4619626784172697 3.6271652860325547 3.622514387639024 3.9187221191282244 3.9139657386911306 4.166245406191381 4.209334255844538 4.225237050149515 4.495320100284162 4.4882508980714855 4.607013090215749 4.702884817974405 5.024143753286439 5.01073546771228
0.5
1.3548071942232642 1.8680998238799322 1.9932996242752026 2.0556577909215363 2.106858128746163 2.1906128982845274 2.297755509645228 2.370787997165632 2.456102440304086 2.5886055128122294 2.7109773071923478 2.840407692233617 2.922142626896152 3.0389657452586594 3.1623553152408395 3.2871733503467313 3.454759342546607 3.59323360820429 3.6330449386721746 3.877531132723033 3.9057753359633773 4.125866547850542 4.212923185502322 4.229381505488781 4.453618375441742 4.515300327032504 4.559904680385612 4.712049726881311 5.056218092142793 4.961370557728178
0.6000000000000001
1.3370717670100536 1.8774106823601606 1.9794226491360458 2.0400101655801333 2.091206880390759 2.167102949179746 2.2770643256638277 2.348266173957551 2.432293111507372 2.55259754185858 2.6630695369499744 2.8022649290981256 2.863861404435692 2.9910011592685546 3.1008098309271332 3.2558861906712515 3.4240226949091994 3.518064266608543 3.5504243429637334 3.817652653319252 3.865250940096492 4.044968105892225 4.154434072371988 4.172134255115248 4.358746681048546 4.47012558180721 4.478441497307164 4.716499844154345 5.0594724731326135 4.871054292541592
0.7000000000000001
1.32107153909603 1.875593486850903 1.9634080907794935 2.031016645845499 2.0724464377760086 2.150159066771071 2.248615406612034 2.317439206222982 2.4015290454934757 2.508384327517888 2.6134759313850946 2.7496551397408915 2.8229133968573095 2.9390928149244075 3.0625110597585348 3.2167645351203014 3.3597961464013437 3.462393271354239 3.5117525752568888 3.7926385701193963 3.814333213584515 3.9748494570692676 4.12356275436699 4.0928867702094855 4.247815231291128 4.3973433285999155 4.385514419952037 4.6842174192182116 4.957479463406857 4.766455415398292
0.8
1.3147838646518828 1.8581617278188318 1.947881816538338 2.009768631941908 2.0633351643758076 2.1301553823279598 2.2108871786284485 2.2893008761408264 2.3654384495112364 2.4627789223258088 2.5747261454117325 2.699512877365521 2.7941913623161003 2.909558416901639 3.0083443667725955 3.1535383452032253 3.3055882212343795 3.402354926031162 3.4760475789749377 3.7269126810913926 3.747368697608734 3.9254553098265443 4.080269041714535 4.046567349215644 4.169113370097613 4.33826316987827 4.309030031441614 4.659400703966568 4.754640707342281 4.727710490497147
0.9
1.3050388850167582 1.8436800740934718 1.9312587910709293 1.9890292670120182 2.0494088801643073 2.1070723188424374 2.1813138323464916 2.257271153507201 2.3252424529290643 2.4244872956527086 2.523663488182896 2.655647197474023 2.745156069448832 2.861370406144216 2.978423854094542 3.108923694307011 3.2486208751261687 3.335467898234109 3.4407253913892824 3.6575788721281386 3.6810225779601904 3.8976308262972763 4.010815233901276 3.9966999490018864 4.092890603468746 4.269117694527572 4.2763044023210375 4.526592758652771 4.698002617105106 4.589466761147594
1.0
1.3234140483467485 1.8242846337952017 1.9124046368976995 1.9853311847627726 2.0326777047553435 2.092206061005408 2.174359468150337 2.2176912865439604 2.289035249908153 2.394614373082767 2.4944505424965175 2.6056733825032463 2.714617425486283 2.8231150475682973 2.9402109008892747 3.0952355681324395 3.1933421228340277 3.301870353662957 3.391813223858769 3.6155409181408604 3.6458515656464963 3.838560513836203 3.9009025503096 3.931193132676605 4.063496320993911 4.247372491570499 4.234247274696397 4.420859835178623 4.512072152608481 4.681590714281409
q-i
0.0
0.486226171129962 0.5541428218887834 0.6045483798592794 0.6488319537915341 0.7047927810233059 0.7314501365261332 0.7617344557372316 0.8002500387630107 0.8354120827641278 0.8803970990982268 0.9256909357448002 0.9698350976030685 1.0145223112015138 1.0614731835579576 1.1064820503376005 1.1525155965295149 1.1956788917894006 1.2518149498335518 1.2906277474659866 1.3384823996828157 1.370217229923453 1.40480629584831 1.4314659700696861 1.5029784972356346 1.5291665625973305 1.5509213920450318 1.6021605745500498 1.6478631867801639 1.6967384725886863 1.6756419790216475
0.1
0.47199841606732384 0.5640191369175476 0.6173791895017668 0.6487490873696178 0.7104984114400104 0.7311202979758971 0.7667196115529666 0.7963242970108642 0.8385100151778992 0.8789550879276931 0.9215339761863426 0.9729992733817792 1.0128550424337348 1.0558747305446747 1.103897780467591 1.146074248580696 1.1949361234491764 1.2444779402204862 1.2878361328704955 1.335947398470676 1.366946570738202 1.4065794462457415 1.4216240034216217 1.50429795530059 1.5313333794888404 1.551123876356094 1.5972609912876656 1.6403070198004848 1.6882531444276179 1.6795791037492709
0.2
0.43001412484342616 0.6037867324659665 0.6454071596411275 0.6725247474652729 0.7235817087637031 0.7416147761276495 0.7803676867818812 0.8029592969503163 0.8404537963088767 0.8801408817724621 0.919185330419813 0.9715058615261665 1.010535058324436 1.0524813317962973 1.0977927187021574 1.1372936294380178 1.1907702894780332 1.2378045305815224 1.276267444648271 1.3310782021876761 1.3579166350557994 1.4081547293907004 1.4200210528719523 1.4942502256209629 1.5292247721232393 1.5452276160656329 1.5926258079181057 1.6342129086258197 1.676016605494107 1.6804892166519503
0.30000000000000004
0.37232354168239645 0.6505024378491537 0.6945311251069963 0.718654215821168 0.7570937840678997 0.775737364150686 0.8063290367795695 0.8253892052236793 0.8559446714792713 0.8943713801092024 0.9319553332872932 0.9837038250545938 1.0193974642711492 1.0583849840388382 1.103419348195196 1.1422036438504328 1.1915274926495556 1.2396794959878008 1.2714206297510522 1.3390548020655082 1.361009339142047 1.4114498657662278 1.423710534297129 1.492058012959438 1.542900105746659 1.5594654236068877 1.599534407692616 1.6307487818030424 1.6874288077619806 1.6862714332615667
0.4
0.30559648531390593 0.6602591081350084 0.7465691252557569 0.7871173284530375 0.8181857511258066 0.8433328764583088 0.8728564953841147 0.8860417595183758 0.9132233461532486 0.9512428269364346 0.9797705088938002 1.0275468215378094 1.0615162773338174 1.0976719452034338 1.139214992617191 1.1725821461224797 1.2186061676069375 1.2740939542685172 1.2984956535889065 1.3648094603661285 1.392183231342873 1.4456620378858691 1.4564041723987007 1.5176269187069131 1.573035223027965 1.5994571514853941 1.6287176070077116 1.674732611370894 1.713587446162693 1.721207910981363
0.5
0.2457186974294565 0.6376865411632888 0.7595029410863496 0.8305323446154969 0.8727173046334151 0.9107974463353301 0.9474553792889928 0.9680714328772151 0.9995255760779553 1.0309265746587304 1.0633877992144356 1.1024580488001927 1.1426863619317267 1.1698380936645947 1.2123571905916943 1.2441288402638389 1.2856329345655695 1.3423392745497953 1.3636550753829813 1.428582070638143 1.4691321641084691 1.5136807483909074 1.5360127000219865 1.5945838896625713 1.6467971697170363 1.6779912429229373 1.7043612793037024 1.7470780712298808 1.7815026484879848 1.8036001314215646
0.6000000000000001
0.2006838686563519 0.6290902695020719 0.7582613947251264 0.8408962691957047 0.8918997232621457 0.9301694498609034 0.9683239446226946 0.9922865012243101 1.023378149703003 1.0579478437638112 1.0878854127106337 1.1286941113899776 1.1671504031561142 1.1943298109835059 1.2387970728561903 1.2696626002511113 1.308610034461772 1.3693724769845215 1.386250156702225 1.4502109809971646 1.4951653941213792 1.5411356423376734 1.557638665721699 1.6212647545554422 1.6747311682253425 1.7059003416776566 1.732211355486477 1.768386960396004 1.8028394927762186 1.8291274780648923
0.7000000000000001
0.16074020810772893 0.6162452420714359 0.7584112069073559 0.8490589073234229 0.9078641832684173 0.9439982271470786 0.9873486659241344 1.0118592223460308 1.044454867989657 1.0796297257517224 1.1099427808246904 1.1523380848612153 1.190536693806438 1.2158786448213323 1.2628172205979151 1.2916445963147982 1.3283114341304234 1.388224569771694 1.4082457891633755 1.4708189476926865 1.5129415902033898 1.5594409981640673 1.5771585879341448 1.641147605616947 1.685768329178856 1.72414403372016 1.7483957540959043 1.7890358748745179 1.8210615979445084 1.8390736442748974
0.8
0.1174190368978838 0.5990697059271266 0.758312073179539 0.8548635127082154 0.9218162229545737 0.9607949652533847 1.00267033097367 1.0315111516677433 1.0631794768027145 1.1021020815948095 1.1295330125211223 1.171570594758066 1.2107162666520566 1.2365457741030177 1.2840337405208082 1.309743681612403 1.3485165183243488 1.4011710031374864 1.4225706251681753 1.4865859633014757 1.524885811853311 1.5744977324426 1.5899756528126492 1.655265931407932 1.7030483529533829 1.739598775043266 1.76284354715761 1.8077173120757308 1.8328163707250074 1.8531886560362345
0.9
0.07451283376718898 0.5773048255244415 0.7533061949997641 0.8625000045221061 0.9303877570932109 0.9738096939811882 1.0159570640146658 1.046893988755837 1.080321313493565 1.1184655628689395 1.148066317522792 1.189393486040487 1.2274798681908266 1.2556209265354088 1.2989847024386947 1.3252910709818462 1.3672413128851595 1.41347458212012 1.442343194841504 1.4982397003696182 1.5361810666932438 1.5888553163174794 1.6058704157604016 1.6679616768722845 1.7210768464474082 1.7509285778379002 1.7708904970037729 1.8197842418031733 1.8456659154968165 1.8656183500439507
1.0
0.03274247401128427 0.5562693071645359 0.7483801896216633 0.8635517098967753 0.9400621360802894 0.9853842762952585 1.031309170654005 1.0665149227464656 1.1010934028767565 1.1385001227069704 1.1732782660998922 1.2102268065030621 1.2486883625120893 1.279494243178446 1.323469662054082 1.3450364223599962 1.388274683618203 1.4345399532589767 1.4635221864683885 1.5210796060354284 1.5569566477306491 1.6025208971103915 1.6323273653490347 1.6866902773273207 1.742363040489355 1.769862540206157 1.785625287787294 1.8412846352764909 1.865242777719942 1.880355839527315
u-i
0.0
1.7103054964202702 2.037681307407798 2.2425096441661196 2.377789459038249 2.5811899446555575 2.730631155832741 2.9445825064244335 3.088307642412989 3.237368124236726 3.4608175714272083 3.612628750419592 3.831019619888945 4.010250086491158 4.1971488000141495 4.382708516458676 4.5107911736893875 4.783144382878629 4.949265450784141 5.005474840085634 5.315666440398903 5.2934232900338305 5.6335176707144825 5.79859433328712 5.953049195727287 6.180753540301492 6.230683090075646 6.217567871334693 6.325267144037243 6.62169269910517 6.9361832431291806
0.1
1.7076588949563796 2.071086934970239 2.2703059048537977 2.401472804845941 2.5906635459366285 2.730458431714286 2.9389089377366684 3.062262581823557 3.22670091090335 3.446306196027562 3.5985837628830275 3.8332080089446183 3.977586952243353 4.175139090786159 4.359541100022225 4.465125143197869 4.76417652136882 4.922941379425411 5.0176849447793215 5.309660498708962 5.312273280522991 5.683784331053269 5.739738622565803 5.889369742456444 6.21249752495359 6.226109696977587 6.2115083511536655 6.263689959796897 6.572520536790647 6.964828112326751
0.2
1.7067726615406258 2.1981396251634173 2.3708488836544923 2.484714242053391 2.6338943764800007 2.7677950805787024 2.9603886121130447 3.0777194222984523 3.209451301413388 3.436347490433768 3.601442087893247 3.8157987367695956 3.968393785157051 4.142200853734217 4.316138963075101 4.440385633508031 4.7062190911816195 4.9102287000127305 4.954356890661427 5.274137478111687 5.304359889418832 5.619717228067207 5.695263579891777 5.789082765976772 6.099635160018893 6.137509370996935 6.201719489575939 6.210549057006602 6.619416515433242 6.87259667860482
0.30000000000000004
1.7069946972835055 2.369387100724266 2.516736428307645 2.6218078193380236 2.731330155539002 2.8483061992716507 3.0210531058952803 3.1211508681337072 3.2255849291289245 3.4552388660244233 3.6209901319155513 3.8065962904575823 3.946553452337854 4.086303891113083 4.2722884782226975 4.414560172334948 4.659436156341021 4.880552520807475 4.918474637635986 5.2384812469857 5.287021108221551 5.542019691959588 5.657711394558242 5.7715923994277905 6.111404247632859 6.097707152808144 6.2655301237004135 6.23145071510168 6.710980629296387 6.74298870689627
0.4
1.662106714436419 2.4764068160506927 2.6801819790339465 2.7834682005848776 2.8730191216624306 2.981290361436212 3.1366048774453947 3.22101009270426 3.3373134588097457 3.5207292193636164 3.676069125048972 3.8576586120823215 3.991533334081929 4.131021031732256 4.299691807686929 4.453934653100369 4.680568846024207 4.901259240301072 4.92101004122793 5.283531579494353 5.306148970034004 5.61190744407725 5.665738428243238 5.742863968856428 6.068355323312127 6.08770804955688 6.2357306972234605 6.377617429345299 6.737731199449132 6.731943378693643
0.5
1.6005258916527207 2.505786365043221 2.752802565361552 2.886190135537033 2.979575433379578 3.1014103446198575 3.2452108889342206 3.338859430042847 3.4556280163820414 3.61953208747096 3.7743651064067834 3.9428657410338097 4.064828988827879 4.208803838923254 4.374712505832534 4.53130219061057 4.740392277112177 4.9355728827540855 4.996700014055156 5.306113203361176 5.3749075000718465 5.6395472962414495 5.7489358855243085 5.823965395151352 6.1004155451587785 6.193291569955441 6.264265959689315 6.459127798111192 6.837720740630778 6.7649706891497425
0.6000000000000001
1.5377556356664055 2.5065009518622325 2.7376840438611723 2.880906434775838 2.983106603652905 3.0972723990406497 3.245388270286522 3.3405526751818613 3.455671261210375 3.610545385622391 3.750954949660608 3.930959040488103 4.031011807591806 4.1853309702520605 4.339606903783324 4.525548790922363 4.732632729370971 4.887436743593065 4.936674499665958 5.2678636343164165 5.360416334217871 5.586103748229898 5.712072738093687 5.79339900967069 6.033477849273888 6.1760259234848665 6.210652852793641 6.484886804550349 6.862311965908832 6.700181770606484
0.7000000000000001
1.4818117472037589 2.491838728922339 2.7218192976868494 2.880075553168922 2.980310621044426 3.0941572939181494 3.2359640725361682 3.329298428569013 3.4459839134831327 3.5880140532696103 3.723418712209785 3.9019932246021067 4.013450090663747 4.15497145974574 4.32532828035645 4.5084091314351 4.688107580531767 4.850617841125933 4.919998364420264 5.263457517812083 5.327274803787905 5.534290455233335 5.700721342301135 5.7340343758264325 5.933583560469984 6.121487362320075 6.133910174047942 6.473253294092729 6.7785410613513655 6.60552905967319
0.8
1.4322029015497666 2.4572314337459584 2.706193889717877 2.8646321446501233 2.985151387330381 3.0909503475813445 3.2135575096021185 3.3208120278085698 3.428617926313951 3.5648810039206182 3.7042591579328548 3.871083472123587 4.004907628968157 4.146104191004657 4.292378107293404 4.463282026815628 4.654104739558728 4.803525929168648 4.898618204143113 5.213498644392868 5.272254509462045 5.499953042269144 5.6702446945271845 5.7018332806235765 5.872161723050996 6.077861944921536 6.071873578599224 6.467118016042299 6.587457078067288 6.5808991465333815
0.9
1.3795517187839472 2.4209848996179133 2.6845649860706935 2.8515292715341243 2.979796637257518 3.0808820128236256 3.1972708963611574 3.304165142263038 3.4055637664226293 3.542952858521648 3.671729805705688 3.84504068351451 3.9726359376396587 4.116991332679625 4.277408556533237 4.434214765288857 4.615862188011328 4.748942480354229 4.883068586230786 5.155818572497757 5.217203644653434 5.486486142614756 5.616685649661678 5.664661625874171 5.813967449916154 6.020046272365472 6.04719489932481 6.346377000455944 6.543668532601923 6.455085111191544
1.0
1.3561565223580327 2.3805539409597376 2.6607848265193628 2.848882894659548 2.972739840835633 3.0775903373006663 3.205668638804342 3.284206209290426 3.3901286527849095 3.5331144957897376 3.6677288085964097 3.8159001890063085 3.9633057879983724 4.102609290746743 4.263680562943357 4.440271990492436 4.581616806452231 4.736410306921933 4.855335410327157 5.136620524176289 5.202808213377145 5.441081410946595 5.533229915658635 5.617883410003926 5.805859361483266 6.017235031776656 6.019872562483691 6.262144470455114 6.377314930328423 6.561946553808724
