u-g
0.01
0.8426049711092851 1.036655380923575 1.0750115514538088 1.0961712979782483 1.1472828860567255 1.201001837819005 1.2699449810333725 1.3491801310871168 1.4079234303888022 1.498046255188381 1.5930443314962055 1.668030451243645 1.7448035511766369 1.8371912285300898 1.91436028743348 2.0153051557405908 2.10070818001034 2.1642895112018383 2.2225067218221533 2.3394817031694313 2.3779540196916367 2.519217219380857 2.6246295968623414 2.684119905075267 2.7286820026129184 2.672319455041942 2.740820771290913 2.8614407869633154 3.0008349213908394 3.2603360047044094
0.02
0.940703020793638 1.1173927508728632 1.1497988998278164 1.1688805557938906 1.202318406396012 1.2575114409419132 1.2882381007326966 1.3435958938982004 1.4311063002852809 1.5133692482971242 1.5749326899848644 1.6668249124720127 1.7676340559129802 1.8110952790722923 1.896839394861101 1.980859024915187 2.006178228327763 2.1616248461274568 2.2459265898006873 2.331837492712447 2.351819778802769 2.442915007797316 2.51788215138639 2.63337232600501 2.639176554914136 2.6939141386988092 2.8074191831858872 2.895439810793482 2.9135155875810517 2.8062657177884014
0.03
0.9789955834733757 1.1627206654267592 1.206809374765223 1.219191362631209 1.2354198999600499 1.268798925335517 1.3347663560878935 1.375100051376494 1.45522364212683 1.5047208258935463 1.5875241293917295 1.6958273576731386 1.7889247771617534 1.831778158858599 1.931718570516157 2.0093991833388216 2.0132635493654716 2.076699848932562 2.2380801016963314 2.250080650182422 2.308213386650756 2.444757193585458 2.569620099892293 2.6848943993491314 2.6988287586150186 2.7303337442660585 2.736634501365378 2.796882062260363 2.8800759808525696 3.0686371981497707
0.04
0.9916493455453743 1.198971800823104 1.2150880823853019 1.2374527423036863 1.256365018427049 1.2865132993013315 1.357327877872681 1.3868071619446685 1.4535770092215916 1.524767696252443 1.6007834372866832 1.685942227400238 1.791363410284724 1.827255446006042 1.9107129817996036 1.9724469444793495 2.015139045095884 2.1212445933316912 2.2427068226699856 2.2795278242147177 2.324550020005515 2.371754107137787 2.5561705214283155 2.534137641546547 2.663178417697444 2.654153014802474 2.9592570799693565 2.834926731199805 2.8781317056847726 3.0479204086685883
0.05
0.9908691010268065 1.2145502345005639 1.2359913608281126 1.2638588822661436 1.2782752995711864 1.3249091551715626 1.3812863950685745 1.4037939498913925 1.4572369002305692 1.5397774753032891 1.608656609631172 1.6729896015496593 1.734875035851033 1.8338552278419087 1.8879719506380788 2.0100392739631783 2.0690147749982133 2.1173292235867924 2.1583393438741787 2.33891533276943 2.334333195344528 2.4680259960928446 2.4859590611466524 2.467388554200549 2.5530662067980705 2.7018971982056357 2.639081924097841 2.741642106982879 2.798212432148101 2.979891635780774
0.06
1.02124386638528 1.2191871696600352 1.2676909565169119 1.2853614165371123 1.3103348849558927 1.339706884088212 1.3891757187600433 1.4259188321589225 1.4762203358013952 1.5445566379726934 1.604339272596313 1.6582598906497026 1.77800497696734 1.8509932579924318 1.917296708043926 1.9854588715230719 2.06288679375524 2.155413031180606 2.1690592901619494 2.289733690821131 2.2792390471233226 2.3963683403896567 2.544721950987431 2.605261054251219 2.652237192274068 2.5263542157962124 2.7588196350391794 2.8487802740258097 2.948456757047107 3.028914383566729
0.07
1.013522015653347 1.2399912591070326 1.2639967263858445 1.290848569015921 1.3280381413224465 1.3658781530688628 1.3937889697735457 1.452029845155396 1.5036493313971686 1.5444417789435665 1.6379466027666432 1.709036962019459 1.7615983227826195 1.842568452228658 1.897802989256526 1.93229882769168 2.0910782967189334 2.110271836500141 2.1956263317314386 2.3262090999396143 2.3512726540653732 2.385811844013089 2.4147998930431243 2.6265685639545913 2.659510181527132 2.6272242181331746 2.7645007710851264 2.7534525053887755 2.791521774142522 2.9060057248826414
0.08
1.0135917981212472 1.247425244468868 1.2942742065014592 1.3227665950848877 1.3300111769244225 1.390507245441924 1.400805529806533 1.4567502235597072 1.5064876244340866 1.556425090285682 1.6249794025142954 1.6865886582641654 1.7942076767628858 1.844855106544065 1.913659423763086 1.997152220260828 2.08807977578571 2.1448795723905487 2.218146905103983 2.271592549873339 2.3543375762206065 2.5032570720862957 2.553439393766655 2.541555000431984 2.5278909891599044 2.6794089085161854 2.5732800755300413 2.7377929807899415 3.1564945086857126 3.163569660027723
0.09
1.0131993033591673 1.2637222421252527 1.3035355366521326 1.3189544537852385 1.3702384063962008 1.3855779453450037 1.4425039018770125 1.485066147582904 1.5281881590255324 1.5987398099951804 1.645891700222215 1.7164674857405835 1.7612101716084414 1.8796767827937373 1.8948217902986073 1.9816057203800792 2.058473228789925 2.1197507004427507 2.141428428208541 2.271282098111766 2.323689286771999 2.418943653941078 2.461101866479904 2.669092718301112 2.6397647677558185 2.7663890122621613 2.5604934243611748 2.890806245324634 3.0893328069887147 3.0793787412653018
0.10
1.0191211018620834 1.2496318929469972 1.3060993494469315 1.3313967835798444 1.3698520055470365 1.3842568132086246 1.43810456627042 1.4893012383221347 1.531578890301553 1.5776856395009684 1.667898415539602 1.736724216146131 1.8029321854052558 1.8507065303572254 1.9220993976571688 1.9350399940015155 2.078591809105335 2.0817489327939303 2.1893055864340587 2.230134481159612 2.3480328812468887 2.4828952569314584 2.4608414759989365 2.473112102581113 2.6716202114765775 2.5613528017086917 2.7088356705779297 2.9115876727108754 2.7061815626551873 3.021900078071254
g-r
0.01
0.4338587276312502 0.7818096363361402 0.8842506664432097 0.9427742933406336 0.9818866967247892 1.0217306928855585 1.0701912833656113 1.0943445666393714 1.1414195461257837 1.1893037440777157 1.235038129454093 1.30154251279796 1.356040409926912 1.4141730216274038 1.4602697254261532 1.5257740381286649 1.5913961963503542 1.6340131110834353 1.7145352177633182 1.7434976205653436 1.8182051977340548 1.8633064535245625 1.9141057278043636 1.9664409320493075 2.006313983848276 2.073835881238004 2.101416905322969 2.145054848184481 2.2412459731072696 2.204154950192901
0.02
0.49448150070472785 0.8504649013217787 0.9535362580378379 1.0115664632695136 1.05097813687809 1.0709708996884686 1.096997249658397 1.140192246648155 1.1677747510488121 1.210531212464863 1.259747376535243 1.292084089119923 1.357598795801314 1.4262815657682015 1.4746598874080075 1.5273111863915076 1.5799133647041934 1.6358958817634175 1.6918707308928838 1.7406989912154582 1.8203095155956213 1.8355961689875624 1.897404338067119 1.9283114288419938 2.0239960190919284 2.0712878463894047 2.1147893091685317 2.1530168887695993 2.1942940525451835 2.229247086611432
0.03
0.5105954889323456 0.9009968744940302 0.9938493560006076 1.0434192902317196 1.0700781179994046 1.1112697600967767 1.1380283351317928 1.1560493832303322 1.1826480279951745 1.2211911422221249 1.2578436766956713 1.3092683127888858 1.3463306168395395 1.4036538817758526 1.4525740554224171 1.5026228473822076 1.6005723507440663 1.649453412410363 1.6942125802755132 1.7382768397425483 1.8042927511328202 1.8343089590606674 1.9333998095187983 1.946670558317579 2.046847907360047 2.04968547786552 2.12777439608296 2.106981480666713 2.263024845144459 2.2035648346524432
0.04
0.510249534638973 0.9198745567659277 1.0119644447298128 1.078873590390975 1.1112464383308485 1.124686740055175 1.1509786687821055 1.173634561290962 1.2060450329077756 1.2327180010149767 1.279221722180484 1.3204551478932345 1.3718270529387269 1.4281075258259204 1.4627102846852935 1.5236492492377636 1.573741691086875 1.6274345112773911 1.6756065391660613 1.741305401873129 1.8063840228649681 1.8561749659851063 1.8905487481371583 1.9598438418442843 1.9943369089660594 2.0410909641652655 2.1145091794448785 2.1389973630279266 2.1767736180110226 2.1861064346862316
0.05
0.5342906891921011 0.9443823428781251 1.0278864259833842 1.0847672621005824 1.1244524440952777 1.1386514202548152 1.1692916724030944 1.198021921574835 1.216925334334178 1.2394738945013728 1.2816142913126018 1.3439865850726171 1.3977861808419707 1.4073783588032303 1.4844032617462855 1.5271629195429153 1.5713083067118383 1.643272905369594 1.7001034113637274 1.748470365525403 1.789312514265788 1.8485308740546262 1.909110648922315 1.9579139152592795 2.0013676721860323 2.0390348960644618 2.094216790257562 2.1940394761320947 2.2318223512665494 2.2001973562814836
0.06
0.515043034448107 0.9630444042088762 1.057880942835709 1.1050901161458668 1.139398983959854 1.159065955435036 1.18707749388399 1.1953264894324835 1.2298038009925119 1.262960738661647 1.3045289681513008 1.3460620272336286 1.3837660141250048 1.4111712036730069 1.4797351677166617 1.5237367018136787 1.5879627562946155 1.6264319101376614 1.691719409495624 1.7072812516503024 1.7971861397407292 1.833925187791106 1.876371235405303 1.9469153389044322 2.008759928308965 2.0155441575596704 2.116821320876201 2.1788306487723546 2.207070789429517 2.178061931972138
0.07
0.5255557500793735 0.9849291996086915 1.0686136169720442 1.128791731840657 1.149349802809315 1.1793256040564408 1.2014338150248438 1.2219269732863278 1.2313150699877884 1.2778532810167924 1.3111416620924512 1.3439960851085946 1.3685953116620002 1.4326160244465438 1.4747085510582814 1.5400323609840054 1.5845662728910064 1.6520142932408994 1.664643652571412 1.7124757301950275 1.7914930434249001 1.8529615044682544 1.9136178920569957 1.9447191317595927 1.9667190323435495 2.072418323654926 2.057391481121625 2.1724667104823316 2.193396726771809 2.2378889296775224
0.08
0.5076766653358931 0.9830744525074451 1.082606056359051 1.1282758965596162 1.1713862089978946 1.1758979178060667 1.2149581360965112 1.2296930542790054 1.2557812962901789 1.2879590671688774 1.3263403681190002 1.3544624093432578 1.4013521016735808 1.4538340687801572 1.500623918633222 1.545933924845027 1.596607000777455 1.6307810775207 1.680632679113172 1.7218977605489592 1.7921770583285639 1.8347131556334926 1.8944044530575574 1.9462992800034353 2.0130341823710083 2.058355059533479 2.081245737241181 2.1120344829335265 2.1885095317392347 2.218387772333357
0.09
0.5043246363843927 0.9926836865383208 1.0758975005413305 1.133376240583253 1.1693996553445913 1.1943693815935994 1.2243241274083374 1.2337698433799087 1.2603579468621042 1.290362958870766 1.324712278327297 1.3524370802439591 1.399505862374454 1.45379707102137 1.5038803272173382 1.530118225880484 1.575773171312509 1.6373917171921928 1.7011494151694944 1.7292457327491402 1.7814866056985874 1.818326489719075 1.8828851217324534 1.9619118362046954 2.0089612812759015 2.0145742030279017 2.05052113676604 2.1270112692958376 2.075055771926908 2.169369156539073
0.10
0.4852146982208829 1.0072743177008672 1.093989086299187 1.1441786368914268 1.1871335076420202 1.2093749788168626 1.2291490536614589 1.2555728088505624 1.263924616494375 1.2997316415568658 1.3365093665225825 1.3630949895129234 1.4035632764638901 1.4567523551862607 1.4979872322420675 1.5492176528729509 1.5905549083105637 1.6243712339933243 1.7064594521461078 1.764666743138486 1.7974928850742948 1.8510133177336368 1.9075709276519692 1.9367316847706544 1.9774905184313027 2.0916472486497657 2.0505173741462173 2.1093582409154736 2.1956103281951718 2.1698033515131883
r-i
0.01
-0.06551085564535342 0.1788188895934404 0.2779397602618179 0.35948395636878416 0.4245470173581687 0.49117900567538975 0.5316715130893162 0.5646857045198512 0.5827093711483364 0.6056086639815277 0.6352970613859821 0.6693407715941646 0.7021263622241545 0.7491920737656734 0.8136855512012708 0.8564815840033475 0.8961926597868697 0.9539047653735135 0.9834305738112565 1.0232473225906933 1.0558339243401456 1.0817091803625 1.135642404771355 1.1550579741742197 1.182081747419435 1.2197428423926482 1.2583514998052294 1.2919171069748376 1.308282944661145 1.339675162502573
0.02
-0.09912101683401708 0.20662954026297697 0.3336182970320998 0.4322642110581274 0.4773954757251193 0.5380124921367262 0.5878532693700418 0.621390359876484 0.6619399958462004 0.6821905783647804 0.7101661846591689 0.7316267194701744 0.7689036398700555 0.7884635150880737 0.8295724074712343 0.8631568864387233 0.90653668933383 0.9349086594787615 0.968510488595749 1.0107809651670774 1.048300331464283 1.1058907359004273 1.1399649070551021 1.175040446236208 1.2006760155214895 1.245832448950237 1.270979515041173 1.2941369434198826 1.3345891912868488 1.352126346983587
0.03
-0.11550644231478735 0.21308636317014695 0.3670201590497584 0.4618729655960685 0.5224904103668493 0.569687640000824 0.6058151786011372 0.6488202314125324 0.6888796720935204 0.7188612235562957 0.7448096668559216 0.7617387643311915 0.8016567873055358 0.831988433640273 0.855972642071082 0.8795474083773076 0.914005764006836 0.936845176933641 0.9842331565968117 1.0132261684706645 1.0567538139830432 1.109152762367124 1.1297649611519844 1.1608582745155793 1.1947648184047335 1.2427225307453877 1.2829406570030173 1.3259296955352387 1.3035396616920956 1.3588719751499578
0.04
-0.14541274207869392 0.22808721628239859 0.39088442787501876 0.474402404620097 0.5430798896232503 0.5939879179497716 0.6241043986791439 0.6715622994500112 0.7049168954079708 0.7341190779399547 0.7530522430269428 0.7853647042680674 0.806958353594089 0.8350202252038414 0.8717248267456341 0.8886588462479406 0.9402179809195239 0.970437008515205 1.0022939835969282 1.037101271944831 1.0884838227713587 1.1141516151433173 1.1546186219297905 1.1904685879424939 1.2238193529911516 1.2613221160582189 1.2940879750183498 1.321498096862907 1.3539381478806103 1.351027584358432
0.05
-0.16900326786087483 0.22162136358104867 0.396907039707866 0.5002567502928219 0.5700120971691689 0.6140297618742885 0.6550905713326731 0.6823903378241987 0.7159664182201624 0.7538631259850757 0.7774579076526358 0.798924002384032 0.8306445713053687 0.8613757041016044 0.8913053505589925 0.9030697969863422 0.9412937247421791 0.975808177965547 0.9968926550892512 1.049234825881456 1.0791625037668293 1.1245245407991238 1.1381602055896671 1.1925809405440972 1.2514254824991635 1.2763029375065589 1.2865738481282882 1.3264628873401403 1.3472801469137732 1.3818575617464663
0.06
-0.18853127974105988 0.2232729367605124 0.39591366148141205 0.5074917956123244 0.571115786380421 0.63552791514571 0.6580363117080168 0.7140048595293802 0.7241292023248107 0.7592037420825619 0.7802335440228259 0.8072282235272805 0.8370072888919964 0.8724188656228744 0.8913204116907281 0.9297115481871394 0.9484333234060607 0.9901006948026421 1.0176785826898502 1.0690606239362719 1.1141134030916362 1.1221298357591678 1.1659399627809552 1.1842463783625732 1.2208598067688818 1.2886410299482804 1.3239842676102604 1.3311153866189827 1.3514991055015848 1.413084581628338
0.07
-0.22754946457489922 0.2148085129227919 0.39839986515839954 0.5048771513068626 0.5856845448543488 0.6452605167015744 0.680803141919526 0.7080718828541528 0.7475691148092185 0.7641776778664529 0.783766323117991 0.8211127832303422 0.847891366409586 0.8831410612498072 0.9039404716804551 0.9330781420923273 0.9646808758671099 0.9902778462745125 1.0351535217099563 1.075328084078432 1.0762708243715444 1.1220786738079251 1.1466938414743808 1.1970457601322781 1.2536946733136904 1.277585984585512 1.2997625635969285 1.334856880148772 1.3736603975985062 1.392281834441171
0.08
-0.24739471153773884 0.21629415137143582 0.4011327974374055 0.5164456868994147 0.5865793265176702 0.6528369530766849 0.6863181530075995 0.7190343950302882 0.7525564953834056 0.7682728995074655 0.7996260956320231 0.8255006077493761 0.854235863728162 0.8792374707056574 0.9155205119472658 0.9451570295076355 0.9695198051814984 1.0071465775315875 1.0405138334668926 1.0794461618557136 1.0949436195506532 1.1366404995577266 1.174346469440252 1.207807354821405 1.2498535075696289 1.2738772346169114 1.3075253424795594 1.3283204671174254 1.3768590406458383 1.3933290806115863
0.09
-0.26758589799490373 0.1984495297807083 0.4003616703166486 0.5159889288816046 0.5958692288574916 0.6527094791180375 0.6938230104572032 0.7324894637133053 0.7541395067598842 0.7952422508452699 0.8142815188670802 0.8509018561284005 0.8590269503466832 0.8864962478276173 0.9184127046412609 0.9578179169302015 0.9848655050708288 1.0084968913435564 1.0395615339972153 1.0660739344271768 1.1115076403675452 1.151653272504916 1.1683668656060036 1.1938804868075934 1.2426995940545549 1.2740644212731986 1.3274351051861721 1.3448968991030679 1.3998784697386029 1.3864252947898486
0.10
-0.3141527714276311 0.21019076621101185 0.4067170469400807 0.5209119770504973 0.5988326669524398 0.6532053712709907 0.7055242503239594 0.7358308880343003 0.7736017505192532 0.798130583737084 0.8181465923399287 0.8439395392963114 0.8684930782670293 0.893460994909681 0.9307149701876867 0.9568984174633037 0.9866254377079446 1.0201819687267069 1.0500360814092478 1.0718667493492156 1.1091255924704395 1.1352645089438056 1.1564894782138229 1.2060550696712315 1.2718077415051177 1.2724608455791397 1.3215057284522693 1.3465395328528533 1.3889840406248553 1.4067089122605463
i-z
0.01
-0.11225695660019497 -0.03504529943831258 0.006929138706640359 0.0516172816557976 0.09718278832221827 0.1431481983406364 0.1803183102266459 0.20937729810477101 0.2569496344714537 0.3030816492687727 0.3446872324381207 0.4031161414072759 0.4762485663874365 0.5306062903699011 0.5839855317643963 0.6340564530241863 0.6833497978031975 0.7140684631253134 0.7471742394946066 0.7737355597413043 0.7806739872867485 0.8102648316006089 0.8320116094289869 0.8525668128441755 0.8813962671783013 0.8930383912248896 0.9159294118227805 0.9302174270924048 0.9477087959153394 0.9660602085333103
0.02
-0.10616923819214996 0.019963544776320674 0.06982272466463613 0.1060102680914099 0.16922817470749507 0.20977018738875053 0.2511507199900098 0.28972841493644275 0.3161963837949564 0.3460042926193996 0.3729293066344379 0.40746898320293923 0.4417411121159631 0.48853904346087873 0.5289622864615495 0.5818664762363674 0.6389105334414875 0.6871799420499993 0.7339886947268592 0.7694588679930341 0.8062527068660419 0.8410853893514147 0.8651334539638107 0.8960588298926897 0.9367831181398056 0.9622915651772406 1.001716014999701 1.0220410349068434 1.0412570222384065 1.0595577940690024
0.03
-0.14977866067070345 0.023049293044548946 0.08718350525306562 0.14252908350576377 0.19615633837490165 0.23722584764847987 0.2881357487591547 0.33260287211507844 0.3643174609522859 0.39433822541651864 0.4188563808939687 0.4520680075916541 0.4645733373640084 0.49932831348339235 0.5396250203643316 0.5828329390385587 0.6165133804944531 0.663350719158343 0.7058243474111965 0.7520292884873374 0.7828507455069982 0.8273606512377931 0.8610361328480582 0.9005028132548478 0.9218410899215641 0.9562688206438743 0.9829904445056652 1.0076210649121027 1.0583915940559905 1.0656455013966326
0.04
-0.17426272934372022 0.002058127678838062 0.09197033061767002 0.16843667043322874 0.21718448778765698 0.2709024444717354 0.32052002285557 0.35153431757725073 0.3976459343371488 0.4259681922250138 0.4650876504441115 0.48703029366368966 0.5168439565914724 0.5281233858933838 0.5586758236977136 0.5804575686106599 0.6260358827501022 0.6534355291675968 0.7021621888647189 0.7362515530470422 0.78219688165691 0.8215286664878096 0.8404123550356193 0.8742996505092453 0.9108653267212485 0.9517439471247204 0.9751086872688273 1.011874591355097 1.0413127035750165 1.0487202836755127
0.05
-0.21905458134692246 0.016090111661979378 0.09280209618668067 0.1737749407688156 0.22511866590066099 0.28557795992687396 0.32155034074460254 0.37398522957214375 0.4110387084791238 0.4537535285984866 0.47662296277688476 0.5063610807528462 0.528494908399761 0.560343167757626 0.5771908071047829 0.6125179260404572 0.6354998066572559 0.6655286014848407 0.6963988644270032 0.7233856161307699 0.7651009557655204 0.8002794045315067 0.8524341505867135 0.8818805458649024 0.9159666526203871 0.9399506326174336 0.9733061012008886 1.0162791806301197 1.0266589907540737 1.0462234800155894
0.06
-0.26937499921292307 -0.027391700106651484 0.09626080979242602 0.17627498809215858 0.2485340628195516 0.2897903813728586 0.34871734619137484 0.39130489927362433 0.4245848951366824 0.45952083730809967 0.5064207385261561 0.5287880344499918 0.5498855712847917 0.5786646476636665 0.6127217751247098 0.6293794726269315 0.6576332339186379 0.6833575588848326 0.7130502643507892 0.7385546169675035 0.7596653548053816 0.7987893762186786 0.8278547083601975 0.8682084793415896 0.9047169760405289 0.9415290406951069 0.9771005933450159 1.0168735999929908 1.043318952952017 1.0570296726778832
0.07
-0.29320622075250924 -0.03230137734916383 0.09654897943569729 0.18581853319714448 0.25139935370330946 0.30839124111289884 0.35048601870839846 0.3984612991004006 0.4398491451746427 0.4748664299429901 0.5159461934139937 0.5405489555230432 0.5804473952643203 0.5908679927176443 0.6332315972299529 0.6446498501889444 0.6670202457056096 0.694156504425532 0.7164148081993638 0.7450938265791756 0.787112527220561 0.8068350051379181 0.8587307615847735 0.8691536233411181 0.9002937692102435 0.9421947669075603 0.9606937341515351 0.9945394954034104 1.0213469372209811 1.0387575287275936
0.08
-0.345487991255391 -0.04975867629326558 0.09409186855748075 0.18379031098917586 0.25388158999353294 0.31633631433181364 0.36270035624291275 0.4122371417425903 0.4443541414196748 0.48986523198230714 0.5268100013331409 0.5577396016525569 0.5799458600272711 0.6020823009689522 0.6276323302950289 0.6567297835434296 0.6833527413786165 0.7147270596188982 0.7328328759209928 0.7603598524020025 0.789216784673977 0.82446057310867 0.8417204650149728 0.8752549654980335 0.8962265093271249 0.9404591057115166 0.9710954246857639 0.992034079210864 1.031074326615233 1.0416216019440991
0.09
-0.4023717754878664 -0.057798402518368874 0.08030062915601377 0.18970076286991322 0.25550180443763537 0.3180121972233767 0.37495676958209323 0.40516885783098644 0.46225730871794113 0.490266262216835 0.5259500992071153 0.5584274587716322 0.5976311622697015 0.6247508838136451 0.6406634622791145 0.6639432506451008 0.6903355575206778 0.7194829944483061 0.7515214261123919 0.7749725384079493 0.7968968992871233 0.8282208360056487 0.8483641413870799 0.8811376879544248 0.9046734563579086 0.9473845196121253 0.9662330861094688 0.9970594838867939 1.0169426310705543 1.0425277261014063
0.10
-0.3995526291656599 -0.0861401110299731 0.07611050669828856 0.18969148674479364 0.2615825819299946 0.3300936951048641 0.3773632348521314 0.41852733965923683 0.4632301921878099 0.498378894829532 0.5326780897190648 0.5731286505103625 0.6012819415719779 0.6294440999372988 0.6599992317124048 0.6841252177693775 0.7098373465045622 0.7367434835830569 0.7606713826416058 0.790066081499754 0.8163522576137225 0.8453842746344833 0.8775529993445961 0.8860164143412472 0.9062172667628978 0.9534242252861631 0.9770901392306364 0.9902742187703719 1.0422815327653172 1.0338992868343855
u-q
0.01
1.1138058180275365 1.5339991792325893 1.6440569044829587 1.7093974085371357 1.791231322066766 1.8780956123449837 1.9837102685191716 2.0837866314391 2.1783294365527706 2.3052477788855192 2.435542098978452 2.5636112902234593 2.6827533036440387 2.8217569593837393 2.9438039836695324 3.0984185785812235 3.2364253002411836 3.340050890733556 3.462912822217767 3.6102557737548535 3.7095474649694147 3.8899401293510465 4.047727450185215 4.152172990746504 4.233018122676832 4.235945123263478 4.334054950442681 4.49465872702997 4.719424164222548 4.948224460309586
0.02
1.249110581887475 1.661198031707885 1.7704430610794208 1.8350233934360816 1.8964806900901205 1.9711471480459846 2.023762870717123 2.1129326083409072 2.226394251370019 2.3386505440729746 2.443487974825585 2.5612712879024926 2.7159832762105136 2.810509495568393 2.9404496729257508 3.0677989744882463 3.138517991920099 3.3409038585769606 3.47191366864185 3.6009968101070946 3.6855953544134703 3.8009766645338363 3.931330446703747 4.078474318917617 4.165200939626872 4.263172802522953 4.413385185493989 4.537911693091118 4.598415863839794 4.5332769376407
0.03
1.2985038187594764 1.7424314421367715 1.8582820937297555 1.9092764896418544 1.9487010656590797 2.015027733332655 2.1009850938370267 2.1579894776318476 2.261444927802918 2.341820609398466 2.4546122161310358 2.6025792910089915 2.7280989172837824 2.8171971626781627 2.958105712448212 3.0747296434899987 3.158213677004084 3.2611353620734382 3.468559084971771 3.517223950006578 3.6327201248078946 3.80389167975955 4.00708231226717 4.136262266281045 4.2371235591310095 4.280704241780077 4.3584227846304975 4.401939449363279 4.618790137808404 4.7658085406706885
0.04
1.30995279464433 1.7919539216020617 1.8810104851128937 1.954790206286054 1.9994773811621656 2.044004514357052 2.135299939379127 2.1858265633903198 2.2785751243605006 2.3702417533213627 2.4823828473665213 2.6036083779446795 2.7476466785623668 2.830143839832287 2.9480782074426237 3.0551022069934604 3.1413380623068523 3.2955839871787243 3.459996460020424 3.5472504354158527 3.6551513966182094 3.744031191724164 3.9655039843921784 4.004837004301969 4.157805941520522 4.195902603277921 4.570056214229625 4.470708587795283 4.5519063689798855 4.726493805408055
0.05
1.3234140483467485 1.8242846337952017 1.9124046368976995 1.9853311847627726 2.0326777047553435 2.092206061005408 2.174359468150337 2.2176912865439604 2.289035249908153 2.394614373082767 2.4944505424965175 2.6056733825032463 2.714617425486283 2.8231150475682973 2.9402109008892747 3.0952355681324395 3.1933421228340277 3.301870353662957 3.391813223858769 3.6155409181408604 3.6458515656464963 3.838560513836203 3.9009025503096 3.931193132676605 4.063496320993911 4.247372491570499 4.234247274696397 4.420859835178623 4.512072152608481 4.681590714281409
0.06
1.3407555511974785 1.8422137375502636 1.9657745852256951 2.023692257023555 2.0777632549748812 2.1260361532286076 2.1940507800496114 2.2429434768183825 2.3175769158612844 2.4148680844279475 2.51039300421035 2.5962533700157557 2.746325683817263 2.8416878162267665 2.9623785278257575 3.070821771743086 3.1984419420928223 3.3290114810129534 3.3983087252077295 3.532993920820112 3.608017733206836 3.750935598930303 3.9388680188940226 4.059741355942037 4.160156151401058 4.051026329143655 4.377760504863017 4.519972887519344 4.635148634527838 4.71548759368576
0.07
1.338997526655401 1.8786845913191748 1.9698286914230572 2.045571152347163 2.102102413123058 2.1654063583464964 2.211626334283352 2.2884292001298387 2.350060090480005 2.4244677079769392 2.545667109269605 2.644476087462653 2.719915358997673 2.850908418995635 2.9402872496128776 3.02919060514712 3.2299086434740136 3.301015511510043 3.403932428087068 3.5814571186114588 3.663912219463776 3.758301610428811 3.835542789371983 4.080190358829289 4.144630931307562 4.196331276780939 4.32802940960935 4.417075472682504 4.479094190965398 4.643120663691448
0.08
1.3319299735448844 1.8846578106220129 2.0114158881816753 2.079632093211451 2.1192661594768776 2.188725411983752 2.2288258107791314 2.29896935505268 2.3691425575457963 2.4456883889645713 2.5461349100825057 2.629677901172288 2.775744239284114 2.871883592722293 2.9771693870000213 3.1007564913308396 3.2325652745679605 3.3244523092430622 3.4402379081131977 3.528772291415536 3.670355539458763 3.860084110100022 3.9607142260871777 4.002752923496887 4.045148634543996 4.240630097086864 4.157695484167478 4.34627611984798 4.840935845479767 4.875369054133371
0.09
1.3255369190395303 1.9064154597161593 2.0152764879389284 2.077928312316569 2.1605018055931318 2.1976593332648626 2.2789948210647815 2.3309476733084313 2.3976599979943973 2.4930139339528044 2.567232933621746 2.6627060736471666 2.743218166240748 2.9048192851935415 2.960115373420381 3.0711171291021575 3.19549510780133 3.30185693917252 3.3720881276407626 3.529865176787008 3.6352343534410823 3.762785197622602 3.8603724891066253 4.1379395390293965 4.153207064741449 4.288071607561461 4.114323242188096 4.5186046482173925 4.682997262372848 4.747004124655321
0.10
1.3187714310309353 1.9032871587083644 2.032488316068104 2.0996291691860236 2.1728354848811318 2.2077807821100457 2.279106275206523 2.354072705636092 2.404220735260015 2.4793789134003035 2.597361128206572 2.6906591371277795 2.789946900801006 2.8808923129446136 2.987389274505377 3.0429009544898395 3.2219793775689087 3.255858679283252 3.434183085217076 3.519553469398029 3.6696520148773804 3.854756417366062 3.874606809194292 3.9194765555287843 4.1667210415914315 4.146521190527661 4.2646441971268665 4.5262433935920985 4.394807606447341 4.687675525009058
q-i
0.01
0.09714702506764539 0.4632847276205663 0.5931450736758777 0.6890321391505303 0.7624852780729174 0.8358159240349696 0.8880975089691283 0.9244237708072394 0.9537229111101517 0.9877108843621052 1.0278374233578287 1.0753024454123103 1.1202170196836647 1.1787993645394277 1.2445115803913716 1.2991421992913796 1.3518717359063803 1.4121564969252312 1.457559691178961 1.4959708725706147 1.5424456767964223 1.574292723916873 1.6266502792528446 1.6534458205522906 1.6840596112037982 1.7299530554091165 1.7665342259764305 1.8037540150926636 1.8309396749367064 1.8559416570902973
0.02
0.08695292277687372 0.5132891607497339 0.6665103938183332 0.77768783668545 0.8342113289091007 0.8953476847211235 0.9493257490440126 0.9922458920819324 1.0344267958102744 1.067440495053793 1.1013582763536913 1.1292644331596176 1.178153215373836 1.2153308643601743 1.260622016814592 1.3035281232571716 1.3541102904456874 1.391525528792675 1.4343941406474698 1.482320638987888 1.5348342714492027 1.5834252481514692 1.6239209498048641 1.6582498821655953 1.698647649900682 1.747861631515498 1.7798028219016029 1.8046819498918456 1.8439829675732904 1.8543622137427196
0.03
0.07558081133145755 0.5343724609541649 0.7093967960858336 0.8152071288171427 0.879287362667224 0.9347285921004627 0.9776247759837968 1.021980188387511 1.065306414412607 1.1029525822735007 1.1355652568122867 1.1642551437842243 1.2088132640230462 1.250223311596562 1.282159555561444 1.3168397956083382 1.36962798711229 1.401863076203128 1.4479667535968854 1.4843597083890572 1.536539826958725 1.5843272352536992 1.625702558295906 1.656160965901245 1.7033179252487898 1.742037511096889 1.7889267698208577 1.827853789099036 1.8278503498807197 1.8652654672814837
0.04
0.04653334346132354 0.5549796522693686 0.7369264698772398 0.8359385310287042 0.9112139652189821 0.9611834429492259 0.9971110059548032 1.046177459295322 1.0859638131768374 1.1213630218860118 1.1506745551275888 1.1881537016168604 1.222502138255173 1.2602393572035169 1.2970698857879075 1.3296528329715933 1.3877606547954304 1.423532125945563 1.4606108854125512 1.510684062616825 1.5642664690236323 1.5980494965420462 1.6358339071030858 1.6796130670313563 1.7235287381341333 1.760663491748037 1.7977980202029595 1.824713603295356 1.85693710259652 1.8585606223051965
0.05
0.03274247401128427 0.5562693071645359 0.7483801896216633 0.8635517098967753 0.9400621360802894 0.9853842762952585 1.031309170654005 1.0665149227464656 1.1010934028767565 1.1385001227069704 1.1732782660998922 1.2102268065030621 1.2486883625120893 1.279494243178446 1.323469662054082 1.3450364223599962 1.388274683618203 1.4345399532589767 1.4635221864683885 1.5210796060354284 1.5569566477306491 1.6025208971103915 1.6323273653490347 1.6866902773273207 1.742363040489355 1.769862540206157 1.785625287787294 1.8412846352764909 1.865242777719942 1.880355839527315
0.06
0.007000069894848693 0.5632907730791601 0.7557109756083378 0.8742510712717486 0.9430864003212864 1.0082646014403505 1.0402387443024388 1.0923067043024037 1.1125764232574333 1.1518530342889548 1.1787087805600898 1.215296771394856 1.2524525961670783 1.2928955110615465 1.3259737596255583 1.368085349780804 1.4008409313630938 1.442934155107956 1.4801485571396942 1.5330816455875933 1.582520856748852 1.6014877650096278 1.6481651302796667 1.676681415576187 1.7217007759508576 1.7795130741605085 1.8218647186626242 1.8387534218978026 1.8718780174503706 1.9045733034814454
0.07
-0.027469225497579686 0.5610443803193412 0.761181517093231 0.8789462998162776 0.9609700758630524 1.0250579154803816 1.0643995924345635 1.0935995011660378 1.1324734257141706 1.1620050298498725 1.1871874787074805 1.2296697428957426 1.258169641856533 1.307417118929374 1.336164762382385 1.3762187256208929 1.410416802003036 1.4515484645055103 1.4914910779257387 1.5325557956016151 1.555124302398042 1.6025504118604577 1.6395688372025177 1.6881430970171731 1.73529295587681 1.7808972495926731 1.7936254061943302 1.8437006233373747 1.879484707547439 1.8930558253098866
0.08
-0.05805622162548296 0.5621360377257361 0.7665971721162403 0.8878560853324675 0.9687105529631097 1.0305167043409238 1.0732560081315121 1.1065083178163206 1.1456828585618748 1.1669686679974536 1.204810956182813 1.2368737741845113 1.2740514028805148 1.3060430533075866 1.3526344673435524 1.387486683282651 1.421641307176703 1.458354918199774 1.4990555095708498 1.5441641808624755 1.5711027146410608 1.6145266171774928 1.6614760901772865 1.6929087117599373 1.7456300445565454 1.7710111055797118 1.8043556710833037 1.8318718109929133 1.8809272355910185 1.8999174588392957
0.09
-0.075598877290874 0.5484399987281225 0.7645182195711833 0.8903913109335271 0.9750054850051519 1.034997472791778 1.0816562186777716 1.1203777813676865 1.1450256146531235 1.1913310857584118 1.2176525637948465 1.2571003484657766 1.2765248180888307 1.315150816449183 1.3569994487368255 1.3984247340886071 1.423616797371933 1.4637823698059798 1.510051249734488 1.5367365885010749 1.5814491793970493 1.6261382185424669 1.6519813647117356 1.6869455022840043 1.738218578344826 1.7669560290018005 1.824126424125291 1.844109765506147 1.8812697862813774 1.888169067938902
0.10
-0.1285884023756001 0.5638098181505118 0.7743171666180952 0.8968582283357449 0.9829826952603646 1.0390563811864322 1.0936715950493152 1.1266322295709053 1.164884522055166 1.1961689513946148 1.2251932461955413 1.2530996078275862 1.2850416393351694 1.3200275675085535 1.363412325581546 1.3982551098479306 1.4337927775549346 1.4704434562307096 1.5116180347723382 1.5471145042492846 1.5849993439142427 1.614416666242839 1.6502950726704366 1.6964223014942146 1.7541974298215663 1.778939705409936 1.8162145760495498 1.8412420528871039 1.895968325027873 1.9107368168359304
u-i
0.01
1.210952843095182 1.9972839068531556 2.2372019781588364 2.398429547687666 2.5537166001396834 2.7139115363799533 2.8718077774883 3.0082104022463394 3.1320523476629223 3.2929586632476244 3.4633795223362807 3.6389137356357697 3.8029703233277035 4.000556323923167 4.188315564060904 4.397560777872603 4.588297036147564 4.752207387658787 4.920472513396728 5.106226646325468 5.251993141765837 5.464232853267919 5.67437772943806 5.805618811298794 5.91707773388063 5.965898178672594 6.100589176419112 6.298412742122634 6.550363839159254 6.804166117399884
0.02
1.3360635046643488 2.174487192457619 2.436953454897754 2.6127112301215316 2.730692018999221 2.866494832767108 2.9730886197611355 3.1051785004228396 3.2608210471802934 3.4060910391267676 3.544846251179276 3.69053572106211 3.8941364915843497 4.0258403599285675 4.201071689740343 4.371327097745418 4.492628282365787 4.732429387369636 4.90630780928932 5.083317449094983 5.220429625862673 5.3844019126853055 5.555251396508611 5.736724201083212 5.863848589527554 6.011034434038451 6.193188007395592 6.342593642982964 6.442398831413084 6.38763915138342
0.03
1.374084630090934 2.2768039030909364 2.567678889815589 2.724483618458997 2.8279884283263037 2.9497563254331176 3.0786098698208235 3.1799696660193586 3.326751342215525 3.444773191671967 3.5901774729433225 3.766834434793216 3.9369121813068286 4.067420474274725 4.240265268009656 4.391569439098337 4.527841664116374 4.662998438276566 4.916525838568656 5.001583658395635 5.16925995176662 5.388218915013249 5.632784870563076 5.79242323218229 5.940441484379799 6.022741752876966 6.147349554451355 6.229793238462315 6.446640487689124 6.631074007952172
0.04
1.3564861381056534 2.3469335738714303 2.6179369549901335 2.7907287373147582 2.9106913463811477 3.005187957306278 3.1324109453339304 3.2320040226856417 3.364538937537338 3.4916047752073744 3.63305740249411 3.79176207956154 3.97014881681754 4.090383197035804 4.245148093230531 4.384755039965054 4.529098717102283 4.719116113124287 4.920607345432975 5.057934498032678 5.219417865641842 5.34208068826621 5.601337891495264 5.684450071333325 5.881334679654655 5.956566095025958 6.367854234432585 6.295422191090639 6.4088434715764055 6.585054427713252
0.05
1.3561565223580327 2.3805539409597376 2.6607848265193628 2.848882894659548 2.972739840835633 3.0775903373006663 3.205668638804342 3.284206209290426 3.3901286527849095 3.5331144957897376 3.6677288085964097 3.8159001890063085 3.9633057879983724 4.102609290746743 4.263680562943357 4.440271990492436 4.581616806452231 4.736410306921933 4.855335410327157 5.136620524176289 5.202808213377145 5.441081410946595 5.533229915658635 5.617883410003926 5.805859361483266 6.017235031776656 6.019872562483691 6.262144470455114 6.377314930328423 6.561946553808724
0.06
1.3477556210923272 2.4055045106294237 2.721485560834033 2.8979433282953035 3.0208496552961677 3.134300754668958 3.23428952435205 3.335250181120786 3.430153339118718 3.5667211187169023 3.6891017847704397 3.8115501414106117 3.998778279984341 4.134583327288313 4.288352287451316 4.43890712152389 4.599282873455916 4.771945636120909 4.878457282347424 5.066075566407705 5.190538589955688 5.352423363939931 5.587033149173689 5.7364227715182246 5.881856927351915 5.830539403304163 6.199625223525641 6.358726309417147 6.507026651978209 6.620060897167205
0.07
1.3115283011578214 2.439728971638516 2.731010208516288 2.9245174521634407 3.0630724889861103 3.190464273826878 3.2760259267179155 3.3820287012958765 3.4825335161941755 3.5864727378268118 3.7328545879770854 3.8741458303583958 3.9780850008542057 4.158325537925009 4.2764520119952625 4.405409330768013 4.64032544547705 4.752563976015553 4.895423506012807 5.114012914213074 5.219036521861818 5.360852022289269 5.475111626574501 5.768333455846462 5.879923887184372 5.9772285263736125 6.12165481580368 6.260776096019879 6.358578898512837 6.536176489001335
0.08
1.2738737519194014 2.446793848347749 2.7780130602979156 2.9674881785439187 3.0879767124399873 3.2192421163246756 3.3020818189106436 3.405477672869001 3.514825416107671 3.612657056962025 3.750945866265319 3.8665516753567992 4.049795642164629 4.17792664602988 4.329803854343574 4.4882431746134905 4.654206581744663 4.782807227442836 4.9392934176840475 5.072936472278012 5.241458254099824 5.474610727277515 5.622190316264464 5.695661635256824 5.790778679100542 6.011641202666576 5.962051155250782 6.178147930840893 6.721863081070786 6.7752865129726665
0.09
1.2499380417486563 2.454855458444282 2.7797947075101117 2.968319623250096 3.1355072905982837 3.2326568060566405 3.360651039742553 3.451325454676118 3.542685612647521 3.684345019711216 3.7848854974165924 3.919806422112943 4.019742984329579 4.2199701016427245 4.317114822157206 4.469541863190765 4.619111905173263 4.7656393089785 4.882139377375251 5.066601765288083 5.216683532838132 5.388923416165069 5.512353853818361 5.824885041313401 5.891425643086275 6.055027636563262 5.938449666313387 6.362714413723539 6.564267048654226 6.635173192594223
0.10
1.1901830286553352 2.467096976858876 2.8068054826861992 2.9964873975217685 3.1558181801414964 3.246837163296478 3.372777870255838 3.4807049352069974 3.569105257315181 3.6755478647949182 3.822554374402113 3.9437587449553657 4.074988540136175 4.200919880453167 4.350801600086923 4.44115606433777 4.655772155123843 4.726302135513961 4.945801119989414 5.066667973647314 5.254651358791623 5.469173083608901 5.524901881864729 5.615898857022999 5.920918471412998 5.925460895937597 6.080858773176416 6.367485446479202 6.290775931475214 6.5984123418449885
