u-g
15
1.054261114273796 1.2451283984984869 1.2589865352558487 1.2482670358017707 1.2719242714578645 1.3115365217523038 1.3631191588288214 1.4372379691847268 1.4966658035904175 1.5712880320195737 1.633502567362605 1.716399854650179 1.8268631996118554 1.8367251605480703 1.970231907263436 2.040077742432757 2.087645197553 2.1308042887213947 2.210664832807738 2.3135424553216035 2.415423110329308 2.500494403460019 2.500551216230149 2.5528903538229804 2.6615876115806163 2.7179540905697754 2.8481498644452525 2.9095483741746317 2.9243761203375627 3.0270670826493964
30
0.9908691010268065 1.2145502345005639 1.2359913608281126 1.2638588822661436 1.2782752995711864 1.3249091551715626 1.3812863950685745 1.4037939498913925 1.4572369002305692 1.5397774753032891 1.608656609631172 1.6729896015496593 1.734875035851033 1.8338552278419087 1.8879719506380788 2.0100392739631783 2.0690147749982133 2.1173292235867924 2.1583393438741787 2.33891533276943 2.334333195344528 2.4680259960928446 2.4859590611466524 2.467388554200549 2.5530662067980705 2.7018971982056357 2.639081924097841 2.741642106982879 2.798212432148101 2.979891635780774
45
0.9238101627129254 1.1826781596289884 1.2508020152662862 1.28008640981664 1.320169534321682 1.364389228537572 1.4094931104962054 1.4399390559969625 1.5170800125202124 1.58006773516734 1.5963157425731236 1.6784592326300007 1.7349825689763279 1.8055618508135645 1.8669495055922045 1.9723970722166886 2.0677884493570637 2.0937364772097284 2.1901194269154187 2.302904298781833 2.273033439863629 2.3414429643200494 2.518551228293026 2.6033149548959216 2.674308300700451 2.691749791624871 2.7743948521042308 2.7592207195088987 2.73320108007165 2.768646493280059
60
0.8115318094503952 1.111693021971499 1.2111165380571016 1.3219715132811292 1.3965211839856835 1.4564488132660767 1.5150443722590659 1.5719243955160493 1.631548122642 1.6690419149826798 1.7401299843107587 1.8166597890578693 1.842621237933873 1.972195168629911 2.038026436642853 2.13349919007715 2.1362335671299553 2.144833640892969 2.338967074415029 2.2288081368287997 2.4850962294740917 2.5844590424300478 2.552986199597388 2.649489583891568 2.6945047969506826 2.8676000463519227 2.542367378116685 2.6438878943161885 2.9794392235444165 3.095841151214277
75
0.6987934081361633 1.065580538867069 1.2864247667337114 1.4330802430587983 1.5098904721596593 1.630863383328247 1.7489009246425216 1.8088264405626262 1.9411299563040956 1.9791378228465497 1.990461190851148 2.095949640814048 2.178020805283902 2.269777237404769 2.272471817473045 2.3559630941480565 2.4323380479701626 2.7161243743768466 2.4422151579855846 2.657637764094641 2.7026053576996105 2.612524745366305 2.939877347449443 2.7625451256663407 2.9596403916545158 3.0064298451118523 3.5478056318812907 2.9406861973252445 3.137295498691938 3.3188112561804823
g-r
15
0.6355438931319686 0.9792286877662857 1.0215679977450787 1.041470720696033 1.0511353485559454 1.07183646936193 1.086159238976709 1.0993880975225565 1.1315683049194778 1.1621313821096404 1.2169354403605688 1.2752284134741796 1.2998194554235205 1.3726027171011221 1.4162528785494235 1.494754378094779 1.5369305405333158 1.5896690690615696 1.6427810262943723 1.706609626306136 1.77660443200247 1.8056103587221592 1.8814456932963122 1.9374453063210328 1.9767529091174172 2.0170223712920468 2.0782797217883537 2.1067183061878634 2.1195061078090482 2.209524864343721
30
0.5342906891921011 0.9443823428781251 1.0278864259833842 1.0847672621005824 1.1244524440952777 1.1386514202548152 1.1692916724030944 1.198021921574835 1.216925334334178 1.2394738945013728 1.2816142913126018 1.3439865850726171 1.3977861808419707 1.4073783588032303 1.4844032617462855 1.5271629195429153 1.5713083067118383 1.643272905369594 1.7001034113637274 1.748470365525403 1.789312514265788 1.8485308740546262 1.909110648922315 1.9579139152592795 2.0013676721860323 2.0390348960644618 2.094216790257562 2.1940394761320947 2.2318223512665494 2.2001973562814836
45
0.4271940581849112 0.9017470273069428 1.034888224952109 1.1266437339691944 1.1919496171243154 1.244251371529515 1.272848774938046 1.2968495516665453 1.3151500391753483 1.3615089295419587 1.4199283424494453 1.4395336561119976 1.4841322979934226 1.5131208378071328 1.5739936716589362 1.6187410983943238 1.6771336123673013 1.716650335185106 1.7730506797753662 1.8079344111351077 1.8629400392591098 1.9004938795277706 1.9585176365809147 1.975617930913062 2.0453030842768136 2.049211258172175 2.1426141551265676 2.1894052856749457 2.204900276811342 2.2140057435361724
60
0.3893813504205461 0.8758161549442782 1.0415569798544624 1.1638568878046769 1.2606929271889467 1.3417652240906506 1.3893713797658211 1.4533156565014718 1.4961032979437476 1.5572840077746477 1.5767997116943597 1.6580294756210936 1.683059363724226 1.7214763114876597 1.7565268681878958 1.8406984793836756 1.9302725764821727 1.962028060380053 1.9504089874526773 2.069294893638796 2.0338324039883684 2.100842129351509 2.171607160994375 2.1876257541668123 2.2600232554701325 2.30445651297239 2.3677311265562393 2.3545912140068275 2.4338397799091886 2.4080412070110935
75
0.5231112423524653 0.9194021561410182 1.0879908216141185 1.2280695632523777 1.3582028106802522 1.4589025753871585 1.5130423035730178 1.6203360896370391 1.6948759390734125 1.7425323906647137 1.795507905388714 1.885768684519146 1.9170734677282013 1.963002802984997 1.9927493144865291 2.0913233809215264 2.155823234869752 2.1600271763059276 2.306779976651777 2.3166787607050026 2.3081074062884683 2.4313547716980244 2.419821872390524 2.5173089134781783 2.50195629085343 2.607106568988063 2.649200868247407 2.6583278141288433 2.6785764461264323 2.6649189073392536
r-i
15
-0.1744849636950896 0.20050758723551532 0.3507989124092532 0.4249884602252454 0.4880146397370364 0.5267528490811912 0.5537833735472102 0.5873204886998984 0.5979070591064488 0.6186079560368256 0.6341852427457777 0.6544354148181188 0.6861577422082235 0.7171725510144427 0.7440090365132157 0.7745021816949311 0.8033758306531844 0.8484947347827116 0.9037006415907403 0.9317801859616726 0.9694536385169688 1.0037543291471511 1.0486008195089465 1.106524159654434 1.1258865029179592 1.1714034714379782 1.2041483199062437 1.2655378053768338 1.2829951831924848 1.2856575886702668
30
-0.16900326786087483 0.22162136358104867 0.396907039707866 0.5002567502928219 0.5700120971691689 0.6140297618742885 0.6550905713326731 0.6823903378241987 0.7159664182201624 0.7538631259850757 0.7774579076526358 0.798924002384032 0.8306445713053687 0.8613757041016044 0.8913053505589925 0.9030697969863422 0.9412937247421791 0.975808177965547 0.9968926550892512 1.049234825881456 1.0791625037668293 1.1245245407991238 1.1381602055896671 1.1925809405440972 1.2514254824991635 1.2763029375065589 1.2865738481282882 1.3264628873401403 1.3472801469137732 1.3818575617464663
45
-0.11003919436930687 0.24789582320196146 0.43076262705180035 0.531452937019889 0.6150150791992566 0.6683087616281114 0.7155263995069365 0.7708914161040372 0.8012060330686399 0.825579867681105 0.8589662637219071 0.8983507025401227 0.9278484747572708 0.9580769018182824 0.9934404188759149 1.011534743513657 1.0344903621413462 1.0810661055343491 1.0965258556323185 1.1354403742383141 1.1740995086480712 1.18851027083916 1.2291817954947284 1.2589615876590958 1.287996209702218 1.3554094175146396 1.3600341285495574 1.395521577484697 1.423173607793192 1.4478254330811797
60
0.06103903072965977 0.33845709924864487 0.5030831467429415 0.5964902558081242 0.6855190972148915 0.743341887114207 0.8008427446486284 0.8367610808489214 0.8890034880818654 0.9288875714393416 0.9723108384027643 1.010128425665922 1.043933706095343 1.0893547824379706 1.1445002295743407 1.165976073924794 1.1901325297057372 1.23643153906656 1.2696379567077969 1.290795691607256 1.3691734076436024 1.3828056486242577 1.4050915412241451 1.4563824113055013 1.4917064258917687 1.5275524885669913 1.545125787000467 1.611069911431299 1.613881663280468 1.6311791654662464
75
0.3896714564406629 0.5275552158268848 0.6205002762017902 0.7007564869856715 0.7762007643721649 0.8323256390605369 0.8948622155018917 0.9426901397341751 0.973099662909167 1.0258899156564212 1.0595302160718667 1.1130020681013715 1.1365814782236772 1.178622115505334 1.2265730465292712 1.2630745895947513 1.2814778037095778 1.3302952403820711 1.333692748595647 1.347249460551657 1.4479125196366809 1.4431516578812928 1.4811523022473025 1.5043807851567639 1.52915864875653 1.5687352719290395 1.6123786825687105 1.6445697105119148 1.6419863897250089 1.6513361094537817
i-z
15
-0.35690780121415244 -0.12388175692701608 -0.03289828874854628 0.04232338438674965 0.09874097344182964 0.1648554023684028 0.21232800304553479 0.24791301360130724 0.27725492208147884 0.31486248540002393 0.34475278702418954 0.38273500438960006 0.41405436996103084 0.44827503583923267 0.500559131753139 0.5234256500594423 0.5860932777505266 0.6272100806299115 0.663966088956446 0.7105391319523253 0.750797747292804 0.7907872051886056 0.8329262352818123 0.8574936684666881 0.8850237216264389 0.9108389091851663 0.9296609223285568 0.9506480376252231 0.9640068317978372 0.9845136094688911
30
-0.21905458134692246 0.016090111661979378 0.09280209618668067 0.1737749407688156 0.22511866590066099 0.28557795992687396 0.32155034074460254 0.37398522957214375 0.4110387084791238 0.4537535285984866 0.47662296277688476 0.5063610807528462 0.528494908399761 0.560343167757626 0.5771908071047829 0.6125179260404572 0.6354998066572559 0.6655286014848407 0.6963988644270032 0.7233856161307699 0.7651009557655204 0.8002794045315067 0.8524341505867135 0.8818805458649024 0.9159666526203871 0.9399506326174336 0.9733061012008886 1.0162791806301197 1.0266589907540737 1.0462234800155894
45
-0.09982667557858527 0.10420292902177408 0.1887229513388693 0.2641644783350223 0.3115406532361167 0.3637033181375777 0.40819200422293633 0.45009396639750143 0.4826732009845873 0.5188882217792798 0.5399127725109114 0.5815590197227092 0.6148124859385629 0.6517039203076695 0.6615890226571501 0.6943393962214728 0.7334781937255261 0.7456895339009577 0.7839345465133345 0.8074218503806261 0.8127674380765271 0.866565973438254 0.876754148640968 0.9105413732350218 0.9217459975211462 0.9446485454738411 0.969905406859839 1.0049827547457184 1.0172609204655423 1.0597840796291695
60
0.017702872145351378 0.17551306627028573 0.25105894584813804 0.32928840753053734 0.3734816758530499 0.4128242661093928 0.45915019623962117 0.5041304003526044 0.5338098294281064 0.5725553260744363 0.5991802050388291 0.6542767586873097 0.6918083947426421 0.724992229163151 0.7588080288273691 0.7935043687392795 0.8189177500606881 0.8455460514022075 0.878332588813791 0.91151670254294 0.9141537509425035 0.9513189884434095 0.9738659658418563 0.985377198100835 1.0026572962664684 1.0359338116000565 1.0685754585953138 1.0764166497036989 1.1051917757029877 1.1119126443595206
75
0.11793524648414788 0.24919139850007 0.3115413859542162 0.38555423541133216 0.40443744496341694 0.46619724350840386 0.5014599902090175 0.5541673026397724 0.5906817513915605 0.6249209193063692 0.6522085588024833 0.6624950377106593 0.7133752248907328 0.7526290034349774 0.7630777837850289 0.8000051613614563 0.8341840722216194 0.848072043347118 0.8808803007396975 0.9139261549318114 0.9388476388853597 0.9544319785599686 0.9873460575443698 1.0290572203650488 1.0586746741178494 1.0755521471486649 1.119572860143112 1.110304179287457 1.146619043641346 1.2000139337476963
u-q
15
1.4495592129506232 1.8801239349009755 1.930881210455583 1.9379496872299349 1.9697301517717598 2.026138775978163 2.0899109520343018 2.1768192807356836 2.2613096163877646 2.3594385397641755 2.4622476780398763 2.5902267718335477 2.7224108039219477 2.7929298858430194 2.959615290323903 3.0934295868798927 3.1744649397383498 3.2665815740403357 3.391296127143332 3.5487001022277918 3.7126648347646034 3.818943975997703 3.8893816081170494 3.996398268804138 4.130780214474592 4.231266411228263 4.410806817022021 4.515070931483198 4.539383267417209 4.717050512199954
30
1.3234140483467485 1.8242846337952017 1.9124046368976995 1.9853311847627726 2.0326777047553435 2.092206061005408 2.174359468150337 2.2176912865439604 2.289035249908153 2.394614373082767 2.4944505424965175 2.6056733825032463 2.714617425486283 2.8231150475682973 2.9402109008892747 3.0952355681324395 3.1933421228340277 3.301870353662957 3.391813223858769 3.6155409181408604 3.6458515656464963 3.838560513836203 3.9009025503096 3.931193132676605 4.063496320993911 4.247372491570499 4.234247274696397 4.420859835178623 4.512072152608481 4.681590714281409
45
1.1951458545087803 1.7608774237913938 1.9333207241440107 2.0316180548817186 2.1268990937998513 2.212613919098457 2.2840018536928532 2.3383396837435804 2.4302569784980808 2.5302976203973877 2.594195514208989 2.6939568785088035 2.7868467548602975 2.8880643750741353 2.999767878517053 3.138522011571803 3.2831990919313263 3.3504822895859805 3.487268290912943 3.6325080677337773 3.6609061797713283 3.7547973403598887 3.986430938650402 4.094180339489611 4.223996334004529 4.256386605208706 4.4149026540623 4.444133307339187 4.434188136164812 4.484176143675756
60
1.0605259424417195 1.6764331986071177 1.9009699494640415 2.1061765059985333 2.2612063328579612 2.3846045202356017 2.484759996786819 2.59250514109792 2.692230057111006 2.7815660180074264 2.873490570194541 3.0127541077172406 3.0662440960254997 3.232809808938761 3.328753470926883 3.4955203400766477 3.5755672025642857 3.6186374694357664 3.804192189377286 3.7972129981490603 4.036756136398999 4.188982028707997 4.225756565898971 4.340178037999923 4.449255801295153 4.674381802431451 4.4005734222219095 4.509314599307734 4.908435245150441 4.996833513211614
75
1.035576401134085 1.669459713362544 2.0175685485421564 2.270491900319472 2.4516540779774587 2.660846838221058 2.8230760075843424 2.9726154120417103 3.1661357431107966 3.250494043035296 3.3072976490035693 3.4944380327430604 3.6008514747124902 3.746052588380179 3.77687215589674 3.942607008269122 4.084761096259223 4.371388845220629 4.222582674052397 4.450793793809954 4.508970092156278 4.520103824829393 4.847516897598544 4.771000864783799 4.937548879571635 5.087976297319251 5.67357254887121 5.068839349418431 5.293754240034662 5.45544687106906
q-i
15
0.0657608307600519 0.5447407385993124 0.7004722349545975 0.7767765294931142 0.8413441079790864 0.883987064217262 0.9131508193184388 0.947127274671498 0.9648315512285794 0.9925888304018642 1.022375572429075 1.0558369111089299 1.0904295933216517 1.1335705428206158 1.1708785320021722 1.2159047153425746 1.2534866290011504 1.3023865185253403 1.3658503735495184 1.4032321653616204 1.4488163460841434 1.4909151153316262 1.5412161209183584 1.600461550994309 1.6334468091414003 1.6751135220715376 1.7197710891178293 1.766733554256131 1.7874941439218865 1.8051990234634303
30
0.03274247401128427 0.5562693071645359 0.7483801896216633 0.8635517098967753 0.9400621360802894 0.9853842762952585 1.031309170654005 1.0665149227464656 1.1010934028767565 1.1385001227069704 1.1732782660998922 1.2102268065030621 1.2486883625120893 1.279494243178446 1.323469662054082 1.3450364223599962 1.388274683618203 1.4345399532589767 1.4635221864683885 1.5210796060354284 1.5569566477306491 1.6025208971103915 1.6323273653490347 1.6866902773273207 1.742363040489355 1.769862540206157 1.785625287787294 1.8412846352764909 1.865242777719942 1.880355839527315
45
0.04581917201974939 0.5714435863464988 0.7831321431261848 0.9065650259240048 1.0002351368454026 1.0643354425967413 1.1138664312483346 1.1693403400239646 1.20317910626612 1.236858911993016 1.2810148345354868 1.3223867127733175 1.3601165868667238 1.3886952153648444 1.4346157176100025 1.4641509025528663 1.4962133319343849 1.540970628343203 1.5724276714101606 1.6137710164214774 1.6491668079994817 1.6756497743270913 1.7198197217182667 1.743714133978468 1.7836112606749541 1.8399838621029794 1.8621404817180558 1.9000142753293545 1.9270868285113725 1.9463015262216548
60
0.20142624815888155 0.6495330775573045 0.854786715190464 0.9761421508953969 1.0815268755315603 1.1569514042353326 1.2204984998866966 1.2694959917685225 1.324424851556607 1.3736474761892428 1.415749964213342 1.4720635826276443 1.5033702117279422 1.5502164536167804 1.6103000634782063 1.644653403308972 1.6810714707535794 1.7246557709038157 1.7548218291982174 1.7916857239257915 1.8513459047070633 1.8791247916978175 1.9039283359169374 1.9533197113639584 1.996978677017431 2.0252272454598526 2.054650869451482 2.100234420446581 2.1187254215836315 2.1382280104800024
75
0.5759997057952067 0.843078197472428 0.9773473160074637 1.0914143929773754 1.1926399692346177 1.2612447595548844 1.3337294361330887 1.3992372578921302 1.4429698151758785 1.4970660861323886 1.5382016633081594 1.600282360691505 1.63082427652329 1.6653495675149212 1.7149220225921056 1.767754056395212 1.7848779902902692 1.8350579458442162 1.8601052091806114 1.8707721915413469 1.9496551914684819 1.9669273501162294 1.9933346244887264 2.0132339595174837 2.0532064516928408 2.0942953887097033 2.1358126338261982 2.174744372547572 2.1641040945087164 2.179619401904458
u-i
15
1.515320043710675 2.424864673500288 2.6313534454101806 2.714726216723049 2.8110742597508462 2.910125840195425 3.0030617713527405 3.1239465554071817 3.226141167616344 3.3520273701660397 3.4846232504689514 3.6460636829424775 3.8128403972435994 3.926500428663635 4.130493822326075 4.309334302222467 4.4279515687395 4.568968092565676 4.75714650069285 4.951932267589412 5.161481180848747 5.309859091329329 5.430597729035408 5.596859819798447 5.764227023615993 5.9063799332998 6.13057790613985 6.281804485739329 6.326877411339096 6.522249535663384
30
1.3561565223580327 2.3805539409597376 2.6607848265193628 2.848882894659548 2.972739840835633 3.0775903373006663 3.205668638804342 3.284206209290426 3.3901286527849095 3.5331144957897376 3.6677288085964097 3.8159001890063085 3.9633057879983724 4.102609290746743 4.263680562943357 4.440271990492436 4.581616806452231 4.736410306921933 4.855335410327157 5.136620524176289 5.202808213377145 5.441081410946595 5.533229915658635 5.617883410003926 5.805859361483266 6.017235031776656 6.019872562483691 6.262144470455114 6.377314930328423 6.561946553808724
45
1.2409650265285297 2.3323210101378926 2.7164528672701955 2.9381830808057234 3.127134230645254 3.2769493616951983 3.397868284941188 3.507680023767545 3.6334360847642007 3.7671565323904037 3.875210348744476 4.016343591282121 4.146963341727021 4.27675959043898 4.434383596127056 4.602672914124669 4.779412423865711 4.8914529179291835 5.0596959623231035 5.246279084155255 5.31007298777081 5.43044711468698 5.706250660368669 5.837894473468079 6.007607594679483 6.096370467311686 6.277043135780356 6.344147582668541 6.361274964676184 6.430477669897411
60
1.261952190600601 2.325966276164422 2.7557566646545055 3.0823186568939303 3.3427332083895216 3.5415559244709343 3.7052584966735154 3.8620011328664425 4.016654908667613 4.155213494196669 4.289240534407883 4.484817690344885 4.569614307753442 4.783026262555541 4.939053534405089 5.14017374338562 5.256638673317865 5.343293240339582 5.559014018575503 5.588898722074852 5.8881020411060625 6.068106820405815 6.129684901815908 6.2934977493638815 6.446234478312584 6.699609047891304 6.4552242916733915 6.609549019754315 7.027160666734073 7.135061523691617
75
1.6115761069292915 2.512537910834972 2.99491586454962 3.3619062932968475 3.6442940472120764 3.9220915977759425 4.156805443717431 4.3718526699338405 4.609105558286675 4.7475601291676846 4.845499312311729 5.0947203934345655 5.23167575123578 5.4114021558951 5.4917941784888455 5.710361064664334 5.869639086549492 6.206446791064845 6.0826878832330085 6.321565985351301 6.45862528362476 6.487031174945622 6.84085152208727 6.784234824301283 6.9907553312644755 7.182271686028955 7.809385182697408 7.243583721966003 7.4578583345433795 7.635066272973518
